       300 1.46563e-05
       400 2.55996e-05
       500 3.89177e-05
       600 5.43711e-05
       700 7.17815e-05
       800 9.10113e-05
       900 0.000111951
      1000 0.000134513
      1100 0.000158623
      1200 0.000184219
      1300 0.000211251
      1400 0.000239673
      1500 0.000269445
      1600 0.000300535
      1700 0.000332911
      1800 0.000366549
      1900 0.000401423
      2000 0.000437513
      2100 0.000474799
      2200 0.000513265
      2300 0.000552895
      2400 0.000593674
      2500 0.00063559
      2600 0.000678632
      2700 0.000722787
      2800 0.000768047
      2900 0.000814402
      3000 0.000861844
