       300 1.05294e-05
       400 1.79873e-05
       500 2.6953e-05
       600 3.7276e-05
       700 4.88462e-05
       800 6.15793e-05
       900 7.5409e-05
      1000 9.02816e-05
      1100 0.000106153
      1200 0.000122986
      1300 0.000140749
      1400 0.000159415
      1500 0.00017896
      1600 0.000199364
      1700 0.000220609
      1800 0.000242679
      1900 0.000265559
      2000 0.000289237
      2100 0.000313701
      2200 0.000338939
      2300 0.000364944
      2400 0.000391706
      2500 0.000419218
      2600 0.000447471
      2700 0.00047646
      2800 0.000506179
      2900 0.000536621
      3000 0.000567782
