       300 1.39593e-05
       400 2.38014e-05
       500 3.56229e-05
       600 4.92267e-05
       700 6.44689e-05
       800 8.12393e-05
       900 9.94512e-05
      1000 0.000119034
      1100 0.000139931
      1200 0.000162093
      1300 0.000185478
      1400 0.000210052
      1500 0.000235783
      1600 0.000262645
      1700 0.000290613
      1800 0.000319667
      1900 0.000349788
      2000 0.000380958
      2100 0.000413163
      2200 0.000446389
      2300 0.000480623
      2400 0.000515855
      2500 0.000552072
      2600 0.000589267
      2700 0.00062743
      2800 0.000666553
      2900 0.000706628
      3000 0.00074765
