       300 8.25384e-05
       400 0.000134891
       500 0.000196729
       600 0.000267248
       700 0.000345856
       800 0.000432099
       900 0.000525611
      1000 0.000626092
      1100 0.000733289
      1200 0.000846988
      1300 0.000967002
      1400 0.00109317
      1500 0.00122534
      1600  0.0013634
      1700 0.00150721
      1800 0.00165669
      1900 0.00181174
      2000 0.00197226
      2100 0.00213818
      2200 0.00230943
      2300 0.00248593
      2400 0.00266764
      2500 0.00285448
      2600  0.0030464
      2700 0.00324336
      2800  0.0034453
      2900 0.00365219
      3000 0.00386397
