       300 1.99351e-05
       400 3.31755e-05
       500 4.89126e-05
       600 6.69149e-05
       700 8.70135e-05
       800 0.000109079
       900 0.000133009
      1000 0.00015872
      1100 0.000186142
      1200 0.000215218
      1300 0.000245895
      1400 0.000278132
      1500 0.00031189
      1600 0.000347134
      1700 0.000383836
      1800 0.000421968
      1900 0.000461506
      2000 0.000502427
      2100 0.000544713
      2200 0.000588345
      2300 0.000633306
      2400 0.000679581
      2500 0.000727155
      2600 0.000776016
      2700 0.000826152
      2800 0.000877551
      2900 0.000930203
      3000 0.000984098
