       300 2.42172e-05
       400 4.06407e-05
       500 6.02281e-05
       600 8.26773e-05
       700 0.000107768
       800 0.000135331
       900 0.000165234
      1000 0.000197368
      1100 0.000231644
      1200 0.000267986
      1300 0.00030633
      1400 0.00034662
      1500 0.000388806
      1600 0.000432847
      1700 0.000478704
      1800 0.000526344
      1900 0.000575735
      2000 0.00062685
      2100 0.000679664
      2200 0.000734156
      2300 0.000790303
      2400 0.000848086
      2500 0.00090749
      2600 0.000968496
      2700 0.00103109
      2800 0.00109526
      2900 0.00116099
      3000 0.00122827
