       300 1.97727e-05
       400 3.29052e-05
       500 4.85141e-05
       600 6.63698e-05
       700 8.63047e-05
       800 0.00010819
       900 0.000131925
      1000 0.000157427
      1100 0.000184626
      1200 0.000213464
      1300 0.000243892
      1400 0.000275866
      1500 0.000309349
      1600 0.000344307
      1700 0.000380709
      1800 0.00041853
      1900 0.000457746
      2000 0.000498334
      2100 0.000540276
      2200 0.000583552
      2300 0.000628147
      2400 0.000674044
      2500 0.000721231
      2600 0.000769695
      2700 0.000819422
      2800 0.000870402
      2900 0.000922625
      3000 0.000976081
