       300 2.26462e-05
       400 3.97516e-05
       500 6.06375e-05
       600 8.49261e-05
       700 0.000112334
       800 0.000142641
       900 0.000175671
      1000 0.000211283
      1100 0.000249358
      1200 0.000289796
      1300 0.000332514
      1400 0.000377437
      1500 0.000424503
      1600 0.000473657
      1700 0.000524849
      1800 0.000578036
      1900 0.00063318
      2000 0.000690244
      2100  0.0007492
      2200 0.000810017
      2300 0.00087267
      2400 0.000937136
      2500 0.00100339
      2600 0.00107142
      2700 0.00114121
      2800 0.00121273
      2900 0.00128597
      3000 0.00136092
