       300 0.000129764
       400 0.000217567
       500 0.000322244
       600 0.000442189
       700 0.00057623
       800 0.000723471
       900 0.000883202
      1000 0.00105485
      1100 0.00123793
      1200 0.00143205
      1300 0.00163686
      1400 0.00185207
      1500 0.00207741
      1600 0.00231265
      1700  0.0025576
      1800 0.00281207
      1900  0.0030759
      2000 0.00334894
      2100 0.00363107
      2200 0.00392214
      2300 0.00422207
      2400 0.00453074
      2500 0.00484806
      2600 0.00517395
      2700 0.00550833
      2800 0.00585112
      2900 0.00620225
      3000 0.00656166
