       300 3.2603e-05
       400 5.39213e-05
       500 7.91989e-05
       600 0.000108078
       700 0.000140297
       800 0.000175656
       900 0.000213995
      1000 0.000255184
      1100 0.000299116
      1200 0.000345699
      1300 0.000394853
      1400 0.00044651
      1500 0.00050061
      1600  0.0005571
      1700 0.000615932
      1800 0.000677063
      1900 0.000740455
      2000 0.000806073
      2100 0.000873885
      2200 0.000943861
      2300 0.00101598
      2400  0.0010902
      2500 0.00116652
      2600 0.00124491
      2700 0.00132535
      2800 0.00140782
      2900  0.0014923
      3000 0.00157878
