       300 4.1973e-05
       400 6.85799e-05
       500 0.000100006
       600 0.000135843
       700 0.000175791
       800 0.000219618
       900 0.00026714
      1000 0.000318204
      1100 0.000372682
      1200 0.000430464
      1300 0.000491457
      1400 0.000555576
      1500 0.000622749
      1600 0.000692911
      1700 0.000766002
      1800 0.000841971
      1900 0.000920768
      2000 0.00100235
      2100 0.00108668
      2200 0.00117371
      2300 0.00126342
      2400 0.00135576
      2500 0.00145072
      2600 0.00154826
      2700 0.00164836
      2800 0.00175099
      2900 0.00185614
      3000 0.00196377
