       300 2.3772e-05
       400 4.05313e-05
       500 6.06606e-05
       600 8.38246e-05
       700 0.000109778
       800 0.000138334
       900 0.000169344
      1000 0.000202689
      1100 0.00023827
      1200 0.000276005
      1300 0.000315824
      1400 0.000357666
      1500 0.000401479
      1600 0.000447217
      1700 0.000494839
      1800 0.00054431
      1900 0.000595597
      2000 0.000648672
      2100 0.000703508
      2200 0.000760083
      2300 0.000818374
      2400 0.000878363
      2500 0.000940032
      2600 0.00100336
      2700 0.00106834
      2800 0.00113496
      2900  0.0012032
      3000 0.00127305
