       300 2.41056e-05
       400 4.09061e-05
       500 6.10406e-05
       600 8.41807e-05
       700 0.000110086
       800 0.000138575
       900 0.000169501
      1000 0.000202749
      1100 0.00023822
      1200 0.000275835
      1300 0.000315525
      1400 0.000357229
      1500 0.000400897
      1600 0.000446482
      1700 0.000493945
      1800 0.000543251
      1900 0.000594367
      2000 0.000647264
      2100 0.000701918
      2200 0.000758305
      2300 0.000816402
      2400 0.000876192
      2500 0.000937656
      2600 0.00100078
      2700 0.00106554
      2800 0.00113194
      2900 0.00119995
      3000 0.00126956
