       300 3.20466e-05
       400 5.29404e-05
       500 7.7704e-05
       600 0.000105989
       700 0.000137543
       800 0.000172169
       900 0.000209712
      1000 0.000250047
      1100 0.000293068
      1200 0.000338685
      1300 0.000386821
      1400 0.00043741
      1500 0.000490393
      1600 0.000545717
      1700 0.000603336
      1800 0.000663209
      1900 0.000725298
      2000 0.000789568
      2100 0.000855988
      2200 0.000924531
      2300 0.000995168
      2400 0.00106788
      2500 0.00114264
      2600 0.00121942
      2700 0.00129822
      2800   0.001379
      2900 0.00146176
      3000 0.00154648
