       300 3.08131e-05
       400 5.05731e-05
       500 7.39411e-05
       600 0.000100603
       700 0.000130329
       800 0.000162942
       900 0.000198302
      1000 0.000236292
      1100 0.000276816
      1200 0.000319792
      1300 0.000365148
      1400 0.000412823
      1500 0.000462762
      1600 0.000514917
      1700 0.000569244
      1800 0.000625704
      1900 0.000684261
      2000 0.000744884
      2100 0.000807542
      2200 0.000872209
      2300 0.000938859
      2400 0.00100747
      2500 0.00107802
      2600 0.00115049
      2700 0.00122486
      2800 0.00130111
      2900 0.00137923
      3000  0.0014592
