       300 9.41225e-05
       400 0.000152701
       500 0.000221806
       600 0.000300593
       700 0.000388433
       800 0.000484837
       900 0.00058941
      1000 0.000701822
      1100 0.000821794
      1200 0.000949087
      1300 0.00108349
      1400 0.00122482
      1500 0.00137291
      1600 0.00152762
      1700  0.0016888
      1800 0.00185634
      1900 0.00203012
      2000 0.00221005
      2100 0.00239603
      2200 0.00258797
      2300 0.00278578
      2400  0.0029894
      2500 0.00319875
      2600 0.00341377
      2700 0.00363438
      2800 0.00386054
      2900 0.00409219
      3000 0.00432926
