       300 3.1365e-05
       400 5.15518e-05
       500 7.54354e-05
       600 0.000102692
       700 0.000133083
       800 0.000166427
       900 0.000202579
      1000 0.00024142
      1100 0.00028285
      1200 0.000326784
      1300 0.000373151
      1400 0.000421886
      1500 0.000472933
      1600 0.000526243
      1700 0.000581772
      1800 0.000639479
      1900 0.000699328
      2000 0.000761286
      2100 0.000825323
      2200 0.000891411
      2300 0.000959525
      2400 0.00102964
      2500 0.00110174
      2600  0.0011758
      2700 0.00125179
      2800 0.00132972
      2900 0.00140955
      3000 0.00149127
