       300 3.98596e-05
       400 6.58982e-05
       500 9.67684e-05
       600 0.000132034
       700 0.000171377
       800 0.000214553
       900 0.000261368
      1000 0.000311664
      1100 0.000365308
      1200 0.000422189
      1300 0.000482211
      1400 0.00054529
      1500 0.000611352
      1600 0.000680333
      1700 0.000752174
      1800 0.000826824
      1900 0.000904235
      2000 0.000984365
      2100 0.00106717
      2200 0.00115263
      2300 0.00124069
      2400 0.00133134
      2500 0.00142454
      2600 0.00152027
      2700  0.0016185
      2800 0.00171921
      2900 0.00182238
      3000   0.001928
