       300 3.14897e-05
       400 5.17569e-05
       500 7.57354e-05
       600  0.0001031
       700 0.000133612
       800 0.000167089
       900 0.000203385
      1000 0.00024238
      1100 0.000283974
      1200 0.000328084
      1300 0.000374635
      1400 0.000423564
      1500 0.000474814
      1600 0.000528336
      1700 0.000584086
      1800 0.000642022
      1900 0.000702109
      2000 0.000764313
      2100 0.000828605
      2200 0.000894956
      2300 0.000963341
      2400 0.00103374
      2500 0.00110612
      2600 0.00118047
      2700 0.00125677
      2800   0.001335
      2900 0.00141515
      3000  0.0014972
