       300 2.45632e-05
       400 4.09976e-05
       500 6.05539e-05
       600 8.29397e-05
       700 0.000107941
       800 0.000135395
       900 0.000165172
      1000 0.000197167
      1100 0.000231292
      1200 0.000267474
      1300 0.00030565
      1400 0.000345763
      1500 0.000387768
      1600 0.000431621
      1700 0.000477286
      1800 0.000524727
      1900 0.000573916
      2000 0.000624825
      2100 0.000677429
      2200 0.000731705
      2300 0.000787633
      2400 0.000845194
      2500 0.00090437
      2600 0.000965145
      2700  0.0010275
      2800 0.00109143
      2900 0.00115692
      3000 0.00122395
