       300 3.2839e-05
       400 5.59874e-05
       500 8.37898e-05
       600 0.000115783
       700 0.000151629
       800 0.000191069
       900 0.000233898
      1000 0.000279952
      1100 0.000329094
      1200 0.000381212
      1300 0.000436207
      1400 0.000493996
      1500 0.000554508
      1600 0.000617678
      1700 0.00068345
      1800 0.000751776
      1900 0.00082261
      2000 0.000895913
      2100 0.000971649
      2200 0.00104979
      2300 0.00113029
      2400 0.00121315
      2500 0.00129832
      2600 0.00138579
      2700 0.00147553
      2800 0.00156754
      2900 0.00166178
      3000 0.00175825
