       300 1.25417e-05
       400 2.1642e-05
       500 3.26387e-05
       600 4.53402e-05
       700 5.96054e-05
       800 7.53261e-05
       900 9.24172e-05
      1000 0.00011081
      1100 0.000130447
      1200 0.000151281
      1300 0.000173272
      1400 0.000196385
      1500 0.000220591
      1600 0.000245862
      1700 0.000272176
      1800 0.000299513
      1900 0.000327854
      2000 0.000357183
      2100 0.000387485
      2200 0.000418748
      2300 0.000450959
      2400 0.000484107
      2500 0.000518183
      2600 0.000553177
      2700 0.000589082
      2800 0.000625889
      2900 0.000663592
      3000 0.000702185
