       300 1.68068e-05
       400 2.82773e-05
       500 4.19724e-05
       600 5.76779e-05
       700 7.52376e-05
       800 9.45321e-05
       900 0.000115467
      1000 0.000137966
      1100 0.000161965
      1200 0.000187412
      1300 0.00021426
      1400 0.00024247
      1500 0.000272009
      1600 0.000302845
      1700 0.000334952
      1800 0.000368307
      1900 0.000402887
      2000 0.000438674
      2100 0.00047565
      2200 0.000513799
      2300 0.000553107
      2400 0.00059356
      2500 0.000635147
      2600 0.000677855
      2700 0.000721676
      2800 0.000766599
      2900 0.000812615
      3000 0.000859716
