       300 9.27292e-05
       400 0.000157447
       500 0.000235027
       600 0.000324201
       700 0.000424043
       800 0.000533845
       900 0.000653048
      1000  0.0007812
      1100 0.000917929
      1200 0.00106292
      1300 0.00121591
      1400 0.00137667
      1500 0.00154499
      1600 0.00172071
      1700 0.00190366
      1800 0.00209372
      1900 0.00229075
      2000 0.00249466
      2100 0.00270533
      2200 0.00292268
      2300 0.00314663
      2400  0.0033771
      2500 0.00361402
      2600 0.00385733
      2700 0.00410698
      2800 0.00436291
      2900 0.00462506
      3000 0.00489341
