       300 2.49776e-05
       400 4.15842e-05
       500 6.13254e-05
       600 8.39101e-05
       700 0.000109126
       800 0.00013681
       900 0.000166834
      1000 0.000199093
      1100 0.000233499
      1200 0.000269979
      1300 0.00030847
      1400 0.000348916
      1500 0.00039127
      1600 0.000435489
      1700 0.000481537
      1800 0.000529378
      1900 0.000578983
      2000 0.000630324
      2100 0.000683376
      2200 0.000738116
      2300 0.000794524
      2400 0.00085258
      2500 0.000912266
      2600 0.000973566
      2700 0.00103647
      2800 0.00110095
      2900   0.001167
      3000 0.00123462
