       300 1.04027e-05
       400 1.83573e-05
       500 2.81076e-05
       600 3.94768e-05
       700 5.23312e-05
       800 6.65659e-05
       900 8.20971e-05
      1000 9.88563e-05
      1100 0.000116786
      1200 0.000135839
      1300 0.000155973
      1400 0.000177153
      1500 0.000199347
      1600 0.00022253
      1700 0.000246675
      1800 0.000271763
      1900 0.000297774
      2000 0.000324691
      2100 0.000352497
      2200 0.00038118
      2300 0.000410725
      2400 0.000441122
      2500 0.000472359
      2600 0.000504427
      2700 0.000537317
      2800 0.00057102
      2900 0.000605528
      3000 0.000640834
