       300 1.04926e-05
       400 1.85161e-05
       500 2.83507e-05
       600 3.98183e-05
       700 5.27839e-05
       800 6.71417e-05
       900 8.28073e-05
      1000 9.97114e-05
      1100 0.000117796
      1200 0.000137014
      1300 0.000157322
      1400 0.000178685
      1500 0.000201072
      1600 0.000224455
      1700 0.000248809
      1800 0.000274114
      1900 0.00030035
      2000 0.000327499
      2100 0.000355546
      2200 0.000384477
      2300 0.000414278
      2400 0.000444938
      2500 0.000476445
      2600 0.00050879
      2700 0.000541965
      2800 0.000575959
      2900 0.000610766
      3000 0.000646378
