       300 1.25627e-05
       400 2.17162e-05
       500 3.27878e-05
       600 4.55835e-05
       700 5.99602e-05
       800 7.58083e-05
       900 9.30412e-05
      1000 0.000111589
      1100 0.000131394
      1200 0.000152408
      1300 0.00017459
      1400 0.000197905
      1500 0.000222323
      1600 0.000247816
      1700 0.000274362
      1800 0.000301939
      1900 0.00033053
      2000 0.000360117
      2100 0.000390687
      2200 0.000422225
      2300 0.000454719
      2400 0.000488159
      2500 0.000522534
      2600 0.000557836
      2700 0.000594056
      2800 0.000631186
      2900 0.000669219
      3000 0.000708149
