       300 1.68323e-05
       400 2.98004e-05
       500 4.57369e-05
       600 6.4354e-05
       700 8.54315e-05
       800 0.000108797
       900 0.00013431
      1000 0.000161858
      1100 0.000191344
      1200 0.000222688
      1300 0.00025582
      1400 0.000290681
      1500 0.000327217
      1600 0.000365384
      1700 0.000405139
      1800 0.000446447
      1900 0.000489274
      2000 0.000533592
      2100 0.000579373
      2200 0.000626593
      2300 0.00067523
      2400 0.000725263
      2500 0.000776675
      2600 0.000829447
      2700 0.000883565
      2800 0.000939013
      2900 0.000995778
      3000 0.00105385
