       300 1.16422e-05
       400 2.07201e-05
       500 3.19274e-05
       600 4.50641e-05
       700 5.99749e-05
       800 7.65366e-05
       900 9.46486e-05
      1000 0.000114228
      1100 0.000135205
      1200 0.00015752
      1300 0.000181121
      1400 0.000205964
      1500 0.000232009
      1600 0.000259222
      1700 0.000287571
      1800 0.00031703
      1900 0.000347572
      2000 0.000379174
      2100 0.000411818
      2200 0.000445483
      2300 0.000480152
      2400 0.000515809
      2500 0.000552441
      2600 0.000590032
      2700 0.000628572
      2800 0.000668047
      2900 0.000708448
      3000 0.000749764
