       300 1.69153e-05
       400 2.84598e-05
       500 4.22432e-05
       600  5.805e-05
       700 7.57231e-05
       800 9.51421e-05
       900 0.000116212
      1000 0.000138856
      1100 0.00016301
      1200 0.000188621
      1300 0.000215642
      1400 0.000244035
      1500 0.000273764
      1600 0.000304799
      1700 0.000337113
      1800 0.000370683
      1900 0.000405486
      2000 0.000441504
      2100 0.000478719
      2200 0.000517114
      2300 0.000556675
      2400 0.00059739
      2500 0.000639245
      2600 0.000682229
      2700 0.000726332
      2800 0.000771545
      2900 0.000817858
      3000 0.000865263
