       300 1.7031e-05
       400 2.83541e-05
       500 4.18147e-05
       600 5.72141e-05
       700 7.44075e-05
       800 9.32841e-05
       900 0.000113756
      1000 0.000135751
      1100 0.000159211
      1200 0.000184085
      1300 0.00021033
      1400 0.000237908
      1500 0.000266787
      1600 0.000296938
      1700 0.000328335
      1800 0.000360956
      1900 0.000394779
      2000 0.000429786
      2100 0.000465959
      2200 0.000503284
      2300 0.000541745
      2400 0.000581331
      2500 0.000622028
      2600 0.000663825
      2700 0.000706713
      2800 0.000750681
      2900 0.000795721
      3000 0.000841824
