       300 1.04467e-05
       400 1.8435e-05
       500 2.82265e-05
       600 3.96439e-05
       700 5.25527e-05
       800 6.68477e-05
       900 8.24446e-05
      1000 9.92747e-05
      1100 0.000117281
      1200 0.000136414
      1300 0.000156633
      1400 0.000177902
      1500 0.000200191
      1600 0.000223472
      1700 0.00024772
      1800 0.000272914
      1900 0.000299035
      2000 0.000326065
      2100 0.000353989
      2200 0.000382793
      2300 0.000412464
      2400 0.000442989
      2500 0.000474359
      2600 0.000506562
      2700 0.000539591
      2800 0.000573437
      2900 0.000608091
      3000 0.000643547
