       300 1.17442e-05
       400 2.09015e-05
       500 3.2207e-05
       600 4.54588e-05
       700 6.05002e-05
       800 7.72069e-05
       900 9.54776e-05
      1000 0.000115228
      1100 0.000136389
      1200 0.000158899
      1300 0.000182707
      1400 0.000207768
      1500 0.000234041
      1600 0.000261492
      1700 0.00029009
      1800 0.000319806
      1900 0.000350616
      2000 0.000382495
      2100 0.000415424
      2200 0.000449384
      2300 0.000484357
      2400 0.000520327
      2500 0.000557279
      2600  0.0005952
      2700 0.000634077
      2800 0.000673898
      2900 0.000714653
      3000 0.00075633
