       300 1.16676e-05
       400 2.06578e-05
       500 3.17063e-05
       600 4.46137e-05
       700 5.92272e-05
       800 7.54271e-05
       900 9.31167e-05
      1000 0.000112217
      1100 0.000132661
      1200 0.000154394
      1300 0.000177367
      1400 0.000201538
      1500 0.000226872
      1600 0.000253335
      1700 0.000280901
      1800 0.000309543
      1900 0.000339238
      2000 0.000369967
      2100 0.00040171
      2200 0.000434451
      2300 0.000468174
      2400 0.000502866
      2500 0.000538513
      2600 0.000575104
      2700 0.000612627
      2800 0.000651073
      2900 0.000690432
      3000 0.000730695
