       300 1.68531e-05
       400 2.80579e-05
       500 4.13778e-05
       600 5.66164e-05
       700 7.36302e-05
       800 9.23096e-05
       900 0.000112568
      1000 0.000134333
      1100 0.000157548
      1200 0.000182162
      1300 0.000208132
      1400 0.000235423
      1500   0.000264
      1600 0.000293836
      1700 0.000324905
      1800 0.000357185
      1900 0.000390655
      2000 0.000425296
      2100 0.000461091
      2200 0.000498026
      2300 0.000536086
      2400 0.000575258
      2500 0.00061553
      2600 0.00065689
      2700 0.00069933
      2800 0.000742839
      2900 0.000787408
      3000 0.00083303
