       300 1.16783e-05
       400 2.02118e-05
       500 3.05403e-05
       600 4.24823e-05
       700 5.59037e-05
       800 7.07016e-05
       900 8.67949e-05
      1000 0.000104118
      1100 0.000122617
      1200 0.000142246
      1300 0.000162967
      1400 0.000184747
      1500 0.000207557
      1600 0.000231373
      1700 0.000256172
      1800 0.000281935
      1900 0.000308645
      2000 0.000336286
      2100 0.000364845
      2200 0.000394308
      2300 0.000424664
      2400 0.000455904
      2500 0.000488018
      2600 0.000520996
      2700 0.000554832
      2800 0.000589518
      2900 0.000625047
      3000 0.000661414
