       300 1.23872e-05
       400 2.13755e-05
       500 3.22368e-05
       600 4.47819e-05
       700 5.88715e-05
       800 7.43987e-05
       900 9.12793e-05
      1000 0.000109445
      1100 0.000128841
      1200 0.000149419
      1300 0.000171139
      1400 0.000193967
      1500 0.000217875
      1600 0.000242835
      1700 0.000268825
      1800 0.000295825
      1900 0.000323817
      2000 0.000352785
      2100 0.000382714
      2200 0.000413592
      2300 0.000445406
      2400 0.000478146
      2500 0.000511803
      2600 0.000546366
      2700 0.000581829
      2800 0.000618183
      2900 0.000655422
      3000 0.000693539
