       300 1.3747e-05
       400 2.35958e-05
       500 3.5464e-05
       600 4.91483e-05
       700   6.45e-05
       800 8.1405e-05
       900 9.97736e-05
      1000 0.000119533
      1100 0.000140624
      1200 0.000162996
      1300 0.000186606
      1400 0.000211419
      1500 0.000237401
      1600 0.000264527
      1700 0.000292771
      1800 0.000322112
      1900 0.00035253
      2000 0.000384009
      2100 0.000416532
      2200 0.000450087
      2300 0.000484659
      2400 0.000520238
      2500 0.000556813
      2600 0.000594374
      2700 0.000632914
      2800 0.000672422
      2900 0.000712893
      3000 0.000754319
