       300 2.72179e-05
       400 4.54369e-05
       500 6.71186e-05
       600 9.19382e-05
       700 0.000119659
       800 0.000150099
       900 0.000183115
      1000 0.00021859
      1100 0.000256427
      1200 0.000296545
      1300 0.000338873
      1400 0.00038335
      1500 0.000429924
      1600 0.000478547
      1700 0.000529178
      1800 0.00058178
      1900 0.000636318
      2000 0.000692764
      2100 0.000751089
      2200 0.000811268
      2300 0.000873278
      2400 0.000937099
      2500 0.00100271
      2600 0.00107009
      2700 0.00113923
      2800 0.00121012
      2900 0.00128272
      3000 0.00135704
