       300 1.59315e-05
       400 2.69983e-05
       500 4.02532e-05
       600 5.54813e-05
       700 7.25258e-05
       800 9.12668e-05
       900 0.00011161
      1000 0.000133478
      1100 0.000156809
      1200 0.000181549
      1300 0.000207652
      1400 0.000235081
      1500 0.000263801
      1600 0.000293782
      1700 0.000324998
      1800 0.000357426
      1900 0.000391044
      2000 0.000425835
      2100 0.00046178
      2200 0.000498866
      2300 0.000537077
      2400  0.0005764
      2500 0.000616825
      2600 0.000658341
      2700 0.000700936
      2800 0.000744604
      2900 0.000789334
      3000 0.00083512
