       300 2.76839e-05
       400 4.62149e-05
       500 6.82678e-05
       600 9.35123e-05
       700 0.000121707
       800 0.000152669
       900 0.00018625
      1000 0.000222332
      1100 0.000260818
      1200 0.000301622
      1300 0.000344675
      1400 0.000389914
      1500 0.000437285
      1600 0.00048674
      1700 0.000538238
      1800 0.000591741
      1900 0.000647213
      2000 0.000704625
      2100 0.000763949
      2200 0.000825158
      2300 0.00088823
      2400 0.000953144
      2500 0.00101988
      2600 0.00108842
      2700 0.00115874
      2800 0.00123083
      2900 0.00130469
      3000 0.00138028
