       300 1.33549e-05
       400 2.29583e-05
       500 3.45399e-05
       600 4.79005e-05
       700 6.28935e-05
       800 7.94072e-05
       900 9.73533e-05
      1000 0.00011666
      1100 0.00013727
      1200 0.000159132
      1300 0.000182206
      1400 0.000206455
      1500 0.000231849
      1600 0.000258359
      1700 0.000285963
      1800 0.00031464
      1900 0.000344369
      2000 0.000375135
      2100 0.000406922
      2200 0.000439716
      2300 0.000473505
      2400 0.000508278
      2500 0.000544024
      2600 0.000580735
      2700  0.0006184
      2800 0.000657014
      2900 0.000696567
      3000 0.000737054
