       300 1.18629e-05
       400 2.09024e-05
       500 3.19698e-05
       600 4.48646e-05
       700 5.94351e-05
       800 7.55632e-05
       900 9.31543e-05
      1000 0.000112131
      1100 0.00013243
      1200 0.000153996
      1300 0.000176784
      1400 0.000200753
      1500 0.000225869
      1600 0.000252102
      1700 0.000279424
      1800 0.000307811
      1900 0.000337243
      2000  0.0003677
      2100 0.000399165
      2200 0.000431622
      2300 0.000465056
      2400 0.000499455
      2500 0.000534807
      2600 0.000571101
      2700 0.000608326
      2800 0.000646474
      2900 0.000685536
      3000 0.000725504
