       300 9.25953e-05
       400 0.000157219
       500 0.000234687
       600 0.000323733
       700 0.000423431
       800 0.000533074
       900 0.000652105
      1000 0.000780073
      1100 0.000916604
      1200 0.00106139
      1300 0.00121415
      1400 0.00137468
      1500 0.00154276
      1600 0.00171822
      1700 0.00190091
      1800  0.0020907
      1900 0.00228745
      2000 0.00249106
      2100 0.00270142
      2200 0.00291846
      2300 0.00314208
      2400 0.00337222
      2500  0.0036088
      2600 0.00385176
      2700 0.00410105
      2800 0.00435661
      2900 0.00461839
      3000 0.00488634
