       300 1.32323e-05
       400 2.27477e-05
       500 3.4223e-05
       600 4.7461e-05
       700 6.23165e-05
       800 7.86787e-05
       900 9.64601e-05
      1000 0.00011559
      1100 0.00013601
      1200 0.000157672
      1300 0.000180534
      1400 0.000204561
      1500 0.000229721
      1600 0.000255989
      1700 0.00028334
      1800 0.000311753
      1900 0.000341209
      2000 0.000371693
      2100 0.000403188
      2200 0.000435681
      2300 0.000469161
      2400 0.000503614
      2500 0.000539033
      2600 0.000575406
      2700 0.000612726
      2800 0.000650985
      2900 0.000690176
      3000 0.000730291
