       300 2.70317e-05
       400 4.51262e-05
       500 6.66596e-05
       600 9.13095e-05
       700 0.00011884
       800 0.000149072
       900 0.000181862
      1000 0.000217095
      1100 0.000254674
      1200 0.000294517
      1300 0.000336555
      1400 0.000380728
      1500 0.000426984
      1600 0.000475274
      1700 0.000525559
      1800 0.000577801
      1900 0.000631967
      2000 0.000688026
      2100 0.000745953
      2200 0.00080572
      2300 0.000867306
      2400 0.00093069
      2500 0.000995853
      2600 0.00106278
      2700 0.00113144
      2800 0.00120184
      2900 0.00127395
      3000 0.00134776
