       300 2.34252e-05
       400 3.89996e-05
       500 5.75138e-05
       600 7.86949e-05
       700 0.000102344
       800 0.000128307
       900 0.000156465
      1000 0.000186719
      1100 0.000218987
      1200 0.000253199
      1300 0.000289297
      1400 0.00032723
      1500 0.000366951
      1600 0.000408422
      1700 0.000451608
      1800 0.000496476
      1900 0.000542997
      2000 0.000591147
      2100 0.000640902
      2200 0.00069224
      2300 0.000745142
      2400 0.000799589
      2500 0.000855566
      2600 0.000913056
      2700 0.000972046
      2800 0.00103252
      2900 0.00109447
      3000 0.00115788
