       300 1.77573e-05
       400 3.01262e-05
       500 4.49479e-05
       600 6.19812e-05
       700 8.10495e-05
       800 0.000102018
       900 0.000124781
      1000 0.000149252
      1100 0.00017536
      1200 0.000203045
      1300 0.000232258
      1400 0.000262953
      1500 0.000295092
      1600 0.000328644
      1700 0.000363577
      1800 0.000399867
      1900 0.000437489
      2000 0.000476423
      2100 0.000516649
      2200 0.00055815
      2300 0.000600911
      2400 0.000644917
      2500 0.000690156
      2600 0.000736614
      2700 0.000784282
      2800 0.000833149
      2900 0.000883206
      3000 0.000934444
