       300 1.57507e-05
       400 2.6692e-05
       500 3.97965e-05
       600 5.48518e-05
       700 7.17029e-05
       800 9.02313e-05
       900 0.000110343
      1000 0.000131964
      1100 0.00015503
      1200 0.000179489
      1300 0.000205296
      1400 0.000232414
      1500 0.000260808
      1600 0.000290449
      1700 0.000321311
      1800 0.00035337
      1900 0.000386608
      2000 0.000421003
      2100 0.000456541
      2200 0.000493206
      2300 0.000530983
      2400 0.000569861
      2500 0.000609827
      2600 0.000650871
      2700 0.000692984
      2800 0.000736156
      2900 0.000780379
      3000 0.000825645
