       300 2.4674e-05
       400 4.10786e-05
       500 6.05797e-05
       600 8.28899e-05
       700 0.000107799
       800 0.000135147
       900 0.000164806
      1000 0.000196672
      1100 0.00023066
      1200 0.000266697
      1300 0.000304719
      1400 0.000344673
      1500 0.000386513
      1600 0.000430194
      1700 0.000475682
      1800 0.000522941
      1900 0.000571943
      2000 0.00062266
      2100 0.000675067
      2200 0.000729142
      2300 0.000784863
      2400 0.000842213
      2500 0.000901174
      2600 0.000961729
      2700 0.00102386
      2800 0.00108756
      2900 0.00115282
      3000 0.00121961
