       300 1.78186e-05
       400 3.02477e-05
       500 4.51457e-05
       600 6.22692e-05
       700 8.14404e-05
       800 0.000102523
       900 0.000125411
      1000 0.000150017
      1100 0.00017627
      1200 0.000204109
      1300 0.000233483
      1400 0.000264349
      1500 0.000296668
      1600 0.000330406
      1700 0.000365534
      1800 0.000402025
      1900 0.000439856
      2000 0.000479006
      2100 0.000519456
      2200 0.000561188
      2300 0.000604186
      2400 0.000648437
      2500 0.000693927
      2600 0.000740644
      2700 0.000788577
      2800 0.000837716
      2900 0.000888051
      3000 0.000939573
