       300 1.30986e-05
       400 2.25179e-05
       500 3.38773e-05
       600 4.69815e-05
       700 6.16869e-05
       800 7.78837e-05
       900 9.54855e-05
      1000 0.000114422
      1100 0.000134636
      1200 0.000156079
      1300 0.00017871
      1400 0.000202494
      1500  0.0002274
      1600 0.000253403
      1700 0.000280477
      1800 0.000308603
      1900 0.000337762
      2000 0.000367937
      2100 0.000399114
      2200 0.000431279
      2300 0.00046442
      2400 0.000498526
      2500 0.000533587
      2600 0.000569593
      2700 0.000606536
      2800 0.000644408
      2900 0.000683203
      3000 0.000722913
