       300 8.5936e-06
       400 1.50623e-05
       500 2.29526e-05
       600 3.21221e-05
       700 4.2464e-05
       800 5.38956e-05
       900 6.63513e-05
      1000 7.97775e-05
      1100 9.41299e-05
      1200 0.000109372
      1300 0.000125471
      1400  0.0001424
      1500 0.000160136
      1600 0.000178658
      1700 0.000197947
      1800 0.000217989
      1900 0.000238767
      2000 0.000260269
      2100 0.000282484
      2200 0.000305401
      2300 0.00032901
      2400 0.000353303
      2500 0.000378272
      2600 0.000403909
      2700 0.000430208
      2800 0.000457163
      2900 0.000484768
      3000 0.000513019
