       300 8.55479e-06
       400 1.49942e-05
       500 2.28489e-05
       600 3.1977e-05
       700 4.22722e-05
       800 5.36522e-05
       900 6.60516e-05
      1000 7.94171e-05
      1100 9.37048e-05
      1200 0.000108878
      1300 0.000124904
      1400 0.000141757
      1500 0.000159413
      1600 0.000177851
      1700 0.000197053
      1800 0.000217004
      1900 0.000237688
      2000 0.000259093
      2100 0.000281208
      2200 0.000304021
      2300 0.000327524
      2400 0.000351707
      2500 0.000376563
      2600 0.000402084
      2700 0.000428265
      2800 0.000455098
      2900 0.000482579
      3000 0.000510701
