       300 1.63047e-05
       400 2.75956e-05
       500 4.11109e-05
       600 5.66333e-05
       700 7.40035e-05
       800 9.31003e-05
       900 0.000113828
      1000 0.000136108
      1100 0.000159878
      1200 0.000185083
      1300 0.000211677
      1400 0.00023962
      1500 0.000268879
      1600 0.000299423
      1700 0.000331225
      1800 0.000364261
      1900 0.000398511
      2000 0.000433955
      2100 0.000470576
      2200 0.000508358
      2300 0.000547287
      2400 0.00058735
      2500 0.000628534
      2600 0.00067083
      2700 0.000714226
      2800 0.000758714
      2900 0.000804285
      3000 0.000850931
