       300 1.58311e-05
       400 2.82778e-05
       500   4.37e-05
       600 6.18268e-05
       700 8.24453e-05
       800 0.000105384
       900 0.000130504
      1000 0.000157686
      1100 0.000186832
      1200 0.000217857
      1300 0.000250686
      1400 0.000285256
      1500 0.000321509
      1600 0.000359394
      1700 0.000398867
      1800 0.000439885
      1900 0.000482413
      2000 0.000526415
      2100 0.000571863
      2200 0.000618727
      2300 0.000666982
      2400 0.000716603
      2500 0.00076757
      2600 0.00081986
      2700 0.000873456
      2800 0.000928339
      2900 0.000984492
      3000  0.0010419
