       300 1.89124e-05
       400 3.24706e-05
       500 4.88108e-05
       600 6.76533e-05
       700 8.87926e-05
       800 0.000112072
       900 0.000137367
      1000 0.000164578
      1100 0.000193623
      1200 0.000224432
      1300 0.000256947
      1400 0.000291118
      1500 0.000326901
      1600 0.000364257
      1700 0.000403154
      1800 0.000443561
      1900 0.000485453
      2000 0.000528804
      2100 0.000573595
      2200 0.000619805
      2300 0.000667417
      2400 0.000716416
      2500 0.000766786
      2600 0.000818514
      2700 0.000871589
      2800 0.000925999
      2900 0.000981735
      3000 0.00103879
