       300 1.72554e-05
       400 2.95834e-05
       500 4.44304e-05
       600 6.15433e-05
       700 8.07369e-05
       800 0.000101869
       900 0.000124829
      1000 0.000149525
      1100 0.000175883
      1200 0.000203842
      1300 0.000233347
      1400 0.000264354
      1500 0.000296824
      1600 0.000330721
      1700 0.000366015
      1800 0.00040268
      1900 0.000440691
      2000 0.000480027
      2100 0.000520669
      2200 0.000562598
      2300  0.0006058
      2400 0.000650261
      2500 0.000695965
      2600 0.000742903
      2700 0.000791062
      2800 0.000840433
      2900 0.000891007
      3000 0.000942774
