       300 1.12737e-05
       400 2.00548e-05
       500 3.08912e-05
       600 4.3589e-05
       700 5.79981e-05
       800 7.39993e-05
       900 9.14959e-05
      1000 0.000110408
      1100 0.000130668
      1200 0.000152218
      1300 0.00017501
      1400 0.000198999
      1500 0.000224149
      1600 0.000250426
      1700  0.0002778
      1800 0.000306244
      1900 0.000335735
      2000 0.00036625
      2100 0.00039777
      2200 0.000430278
      2300 0.000463755
      2400 0.000498188
      2500 0.000533561
      2600 0.000569863
      2700 0.000607082
      2800 0.000645205
      2900 0.000684223
      3000 0.000724127
