       300 1.1872e-05
       400 2.0846e-05
       500 3.18058e-05
       600 4.45532e-05
       700 5.89391e-05
       800 7.48479e-05
       900 9.21876e-05
      1000 0.000110883
      1100 0.000130873
      1200 0.000152103
      1300 0.000174531
      1400 0.000198118
      1500 0.000222829
      1600 0.000248637
      1700 0.000275516
      1800 0.000303441
      1900 0.000332394
      2000 0.000362356
      2100 0.00039331
      2200 0.000425242
      2300 0.000458138
      2400 0.000491985
      2500 0.000526772
      2600 0.00056249
      2700 0.000599128
      2800 0.000636678
      2900 0.000675132
      3000 0.000714483
