       300 1.61639e-05
       400 2.73622e-05
       500 4.07678e-05
       600 5.61649e-05
       700 7.33954e-05
       800 9.23389e-05
       900  0.0001129
      1000 0.000135002
      1100 0.000158582
      1200 0.000183585
      1300 0.000209966
      1400 0.000237686
      1500 0.000266711
      1600 0.00029701
      1700 0.000328558
      1800 0.000361331
      1900 0.000395306
      2000 0.000430467
      2100 0.000466795
      2200 0.000504274
      2300 0.000542892
      2400 0.000582634
      2500 0.000623489
      2600 0.000665446
      2700 0.000708495
      2800 0.000752627
      2900 0.000797833
      3000 0.000844106
