       300 9.61722e-06
       400 1.71308e-05
       500 2.64145e-05
       600 3.73031e-05
       700 4.96681e-05
       800 6.3407e-05
       900 7.84364e-05
      1000 9.4687e-05
      1100 0.000112101
      1200 0.000130627
      1300 0.000150224
      1400 0.000170854
      1500 0.000192484
      1600 0.000215084
      1700 0.000238628
      1800 0.000263094
      1900 0.000288459
      2000 0.000314706
      2100 0.000341816
      2200 0.000369774
      2300 0.000398565
      2400 0.000428175
      2500 0.000458593
      2600 0.000489807
      2700 0.000521806
      2800 0.00055458
      2900 0.000588121
      3000 0.000622419
