       300 9.66093e-06
       400 1.72087e-05
       500 2.65346e-05
       600 3.74727e-05
       700 4.98938e-05
       800 6.36952e-05
       900 7.87929e-05
      1000 9.51174e-05
      1100 0.00011261
      1200 0.000131221
      1300 0.000150907
      1400 0.000171631
      1500 0.000193358
      1600 0.000216061
      1700 0.000239713
      1800 0.000264289
      1900 0.00028977
      2000 0.000316136
      2100 0.00034337
      2200 0.000371454
      2300 0.000400376
      2400 0.000430121
      2500 0.000460677
      2600 0.000492033
      2700 0.000524177
      2800 0.000557101
      2900 0.000590794
      3000 0.000625248
