       300 1.11383e-05
       400 1.99141e-05
       500 3.07987e-05
       600 4.36021e-05
       700 5.81742e-05
       800 7.4394e-05
       900 9.21622e-05
      1000 0.000111395
      1100 0.000132023
      1200 0.000153984
      1300 0.000177227
      1400 0.000201704
      1500 0.000227375
      1600 0.000254203
      1700 0.000282157
      1800 0.000311205
      1900 0.000341323
      2000 0.000372485
      2100 0.000404669
      2200 0.000437855
      2300 0.000472024
      2400 0.00050716
      2500 0.000543245
      2600 0.000580265
      2700 0.000618207
      2800 0.000657057
      2900 0.000696803
      3000 0.000737434
