       300 1.48918e-05
       400 2.5196e-05
       500 3.75285e-05
       600 5.16911e-05
       700 6.75389e-05
       800 8.49614e-05
       900 0.000103871
      1000 0.000124198
      1100 0.000145882
      1200 0.000168876
      1300 0.000193137
      1400 0.00021863
      1500 0.000245322
      1600 0.000273186
      1700 0.000302199
      1800 0.000332337
      1900 0.000363583
      2000 0.000395917
      2100 0.000429326
      2200 0.000463794
      2300 0.000499308
      2400 0.000535856
      2500 0.000573429
      2600 0.000612014
      2700 0.000651604
      2800 0.000692189
      2900 0.000733763
      3000 0.000776317
