       300 8.11097e-06
       400 1.41621e-05
       500 2.15247e-05
       600 3.00666e-05
       700 3.96892e-05
       800 5.03165e-05
       900 6.18882e-05
      1000 7.43556e-05
      1100 8.76781e-05
      1200 0.000101822
      1300 0.000116758
      1400 0.000132463
      1500 0.000148913
      1600 0.000166091
      1700 0.00018398
      1800 0.000202566
      1900 0.000221835
      2000 0.000241776
      2100 0.000262378
      2200 0.000283631
      2300 0.000305528
      2400 0.000328061
      2500 0.000351221
      2600 0.000375003
      2700 0.000399401
      2800 0.00042441
      2900 0.000450024
      3000 0.000476238
