       300 1.48731e-05
       400 2.50909e-05
       500 3.73043e-05
       600 5.13198e-05
       700 6.69962e-05
       800 8.42253e-05
       900 0.000102922
      1000 0.000123017
      1100 0.000144454
      1200 0.000167184
      1300 0.000191166
      1400 0.000216365
      1500 0.00024275
      1600 0.000270294
      1700 0.000298972
      1800 0.000328765
      1900 0.000359652
      2000 0.000391616
      2100 0.000424642
      2200 0.000458715
      2300 0.000493823
      2400 0.000529954
      2500 0.000567097
      2600 0.000605241
      2700 0.000644379
      2800 0.000684501
      2900 0.000725599
      3000 0.000767667
