       300 1.73174e-05
       400 2.96219e-05
       500 4.44236e-05
       600 6.14728e-05
       700 8.05863e-05
       800 0.000101624
       900 0.000124477
      1000 0.000149054
      1100 0.000175284
      1200 0.000203103
      1300 0.00023246
      1400 0.000263311
      1500 0.000295615
      1600 0.000329339
      1700 0.000364453
      1800 0.00040093
      1900 0.000438747
      2000 0.000477882
      2100 0.000518315
      2200 0.00056003
      2300 0.000603011
      2400 0.000647244
      2500 0.000692715
      2600 0.000739413
      2700 0.000787326
      2800 0.000836445
      2900 0.00088676
      3000 0.000938262
