       300 1.6126e-05
       400 2.75455e-05
       500 4.12734e-05
       600 5.70792e-05
       700 7.47942e-05
       800 9.42897e-05
       900 0.000115464
      1000 0.000138235
      1100 0.000162535
      1200 0.000188307
      1300 0.000215503
      1400 0.000244081
      1500 0.000274006
      1600 0.000305246
      1700 0.000337773
      1800 0.000371563
      1900 0.000406594
      2000 0.000442845
      2100  0.0004803
      2200 0.000518942
      2300 0.000558757
      2400 0.000599731
      2500 0.000641852
      2600 0.00068511
      2700 0.000729493
      2800 0.000774993
      2900 0.000821602
      3000 0.00086931
