       300 1.17719e-05
       400 2.03738e-05
       500 3.07851e-05
       600 4.28228e-05
       700 5.63518e-05
       800 7.12683e-05
       900 8.74906e-05
      1000 0.000104953
      1100  0.0001236
      1200 0.000143386
      1300 0.000164273
      1400 0.000186228
      1500 0.000209221
      1600 0.000233227
      1700 0.000258225
      1800 0.000284195
      1900 0.000311119
      2000 0.000338982
      2100 0.000367769
      2200 0.000397468
      2300 0.000428068
      2400 0.000459559
      2500 0.000491929
      2600 0.000525172
      2700 0.000559279
      2800 0.000594243
      2900 0.000630057
      3000 0.000666716
