       300 1.04565e-05
       400 1.82208e-05
       500 2.76559e-05
       600 3.85932e-05
       700 5.09071e-05
       800 6.45011e-05
       900 7.92985e-05
      1000 9.52375e-05
      1100 0.000112267
      1200 0.000130344
      1300 0.000149431
      1400 0.000169499
      1500 0.000190519
      1600 0.000212468
      1700 0.000235325
      1800 0.000259071
      1900 0.00028369
      2000 0.000309168
      2100 0.000335491
      2200 0.000362647
      2300 0.000390625
      2400 0.000419416
      2500 0.00044901
      2600 0.000479399
      2700 0.000510577
      2800 0.000542535
      2900 0.000575268
      3000 0.00060877
