       300 1.16556e-05
       400 2.01726e-05
       500 3.04811e-05
       600 4.23999e-05
       700 5.57952e-05
       800 7.05644e-05
       900 8.66265e-05
      1000 0.000103916
      1100 0.000122379
      1200 0.00014197
      1300 0.000162651
      1400 0.000184388
      1500 0.000207154
      1600 0.000230924
      1700 0.000255675
      1800 0.000281388
      1900 0.000308046
      2000 0.000335634
      2100 0.000364137
      2200 0.000393543
      2300 0.00042384
      2400 0.000455019
      2500 0.00048707
      2600 0.000519985
      2700 0.000553755
      2800 0.000588374
      2900 0.000623834
      3000 0.00066013
