       300 8.07354e-06
       400 1.40968e-05
       500 2.14254e-05
       600 2.99279e-05
       700 3.9506e-05
       800 5.00843e-05
       900 6.16027e-05
      1000 7.40125e-05
      1100 8.72736e-05
      1200 0.000101352
      1300 0.00011622
      1400 0.000131851
      1500 0.000148226
      1600 0.000165325
      1700 0.000183131
      1800 0.000201631
      1900 0.000220811
      2000 0.00024066
      2100 0.000261167
      2200 0.000282323
      2300 0.000304119
      2400 0.000326547
      2500 0.000349601
      2600 0.000373273
      2700 0.000397559
      2800 0.000422452
      2900 0.000447947
      3000 0.000474041
