       300 1.65034e-05
       400 2.81902e-05
       500 4.22394e-05
       600 5.84151e-05
       700 7.65448e-05
       800 9.64965e-05
       900 0.000118166
      1000 0.00014147
      1100 0.000166339
      1200 0.000192714
      1300 0.000220546
      1400 0.000249794
      1500 0.000280419
      1600 0.00031239
      1700 0.000345679
      1800 0.00038026
      1900 0.00041611
      2000 0.00045321
      2100 0.000491542
      2200 0.000531088
      2300 0.000571835
      2400 0.000613768
      2500 0.000656875
      2600 0.000701145
      2700 0.000746567
      2800 0.000793132
      2900 0.000840832
      3000 0.000889657
