       300 1.47529e-05
       400 2.5026e-05
       500 3.73358e-05
       600 5.14818e-05
       700 6.73177e-05
       800 8.47316e-05
       900 0.000103635
      1000 0.000123957
      1100 0.000145639
      1200 0.00016863
      1300 0.00019289
      1400 0.00021838
      1500 0.000245071
      1600 0.000272934
      1700 0.000301945
      1800 0.000332081
      1900 0.000363325
      2000 0.000395657
      2100 0.000429063
      2200 0.000463528
      2300 0.000499039
      2400 0.000535584
      2500 0.000573152
      2600 0.000611734
      2700 0.00065132
      2800 0.000691902
      2900 0.000733472
      3000 0.000776022
