       300 9.01379e-06
       400 1.60041e-05
       500 2.46155e-05
       600 3.46932e-05
       700 4.61181e-05
       800 5.87958e-05
       900 7.26502e-05
      1000 8.76184e-05
      1100 0.000103648
      1200 0.000120693
      1300 0.000138716
      1400 0.000157684
      1500 0.000177567
      1600 0.000198339
      1700 0.000219977
      1800 0.00024246
      1900 0.000265771
      2000 0.000289892
      2100 0.000314809
      2200 0.000340507
      2300 0.000366973
      2400 0.000394197
      2500 0.000422168
      2600 0.000450875
      2700 0.00048031
      2800 0.000510465
      2900 0.00054133
      3000  0.0005729
