       300 1.50012e-05
       400 2.53811e-05
       500 3.78042e-05
       600 5.20709e-05
       700 6.80351e-05
       800 8.55856e-05
       900 0.000104634
      1000 0.00012511
      1100 0.000146954
      1200 0.000170117
      1300 0.000194556
      1400 0.000220236
      1500 0.000247124
      1600 0.000275193
      1700 0.000304419
      1800 0.000334779
      1900 0.000366254
      2000 0.000398827
      2100 0.000432481
      2200 0.000467202
      2300 0.000502977
      2400 0.000539794
      2500 0.000577642
      2600 0.000616511
      2700 0.000656392
      2800 0.000697275
      2900 0.000739154
      3000 0.000782021
