       300 1.09235e-05
       400 1.89781e-05
       500 2.87486e-05
       600 4.00613e-05
       700 5.27877e-05
       800 6.68289e-05
       900 8.21067e-05
      1000 9.8558e-05
      1100 0.00011613
      1200 0.00013478
      1300 0.000154471
      1400 0.00017517
      1500 0.00019685
      1600 0.000219487
      1700 0.000243059
      1800 0.000267549
      1900 0.000292938
      2000 0.000319213
      2100 0.000346359
      2200 0.000374366
      2300 0.00040322
      2400 0.000432914
      2500 0.000463437
      2600 0.000494782
      2700 0.00052694
      2800 0.000559905
      2900 0.00059367
      3000 0.00062823
