       300 2.3899e-05
       400 4.00911e-05
       500 5.93994e-05
       600 8.15266e-05
       700 0.000106256
       800 0.000133422
       900 0.000162893
      1000 0.000194563
      1100 0.000228343
      1200 0.000264159
      1300 0.000301949
      1400 0.000341656
      1500 0.000383233
      1600 0.000426637
      1700 0.000471831
      1800 0.000518782
      1900 0.00056746
      2000 0.000617837
      2100 0.000669889
      2200 0.000723593
      2300 0.00077893
      2400 0.000835879
      2500 0.000894425
      2600 0.000954552
      2700 0.00101624
      2800 0.00107949
      2900 0.00114427
      3000 0.00121058
