       300 1.51138e-05
       400 2.70445e-05
       500 4.18561e-05
       600 5.92913e-05
       700 7.91465e-05
       800 0.000101257
       900 0.000125486
      1000 0.000151721
      1100 0.000179865
      1200 0.000209833
      1300 0.000241554
      1400 0.000274964
      1500 0.000310006
      1600 0.00034663
      1700 0.000384791
      1800 0.000424448
      1900 0.000465564
      2000 0.000508106
      2100 0.000552042
      2200 0.000597344
      2300 0.000643987
      2400 0.000691946
      2500 0.000741199
      2600 0.000791724
      2700 0.000843503
      2800 0.000896518
      2900 0.000950751
      3000 0.00100619
