       300 2.42708e-05
       400 4.07149e-05
       500 6.03236e-05
       600 8.27951e-05
       700 0.000107909
       800 0.000135498
       900 0.000165427
      1000 0.00019759
      1100 0.000231896
      1200 0.00026827
      1300 0.000306647
      1400 0.000346972
      1500 0.000389196
      1600 0.000433275
      1700 0.000479173
      1800 0.000526854
      1900 0.000576289
      2000 0.00062745
      2100 0.000680312
      2200 0.000734852
      2300 0.000791049
      2400 0.000848885
      2500 0.000908342
      2600 0.000969404
      2700 0.00103206
      2800 0.00109628
      2900 0.00116208
      3000 0.00122942
