       300 1.60336e-05
       400 2.73876e-05
       500 4.10368e-05
       600 5.67521e-05
       700 7.43656e-05
       800 9.37493e-05
       900 0.000114802
      1000 0.000137443
      1100 0.000161603
      1200 0.000187227
      1300 0.000214268
      1400 0.000242682
      1500 0.000272436
      1600 0.000303497
      1700 0.000335837
      1800 0.000369434
      1900 0.000404264
      2000 0.000440307
      2100 0.000477548
      2200 0.000515968
      2300 0.000555555
      2400 0.000596294
      2500 0.000638174
      2600 0.000681183
      2700 0.000725313
      2800 0.000770552
      2900 0.000816893
      3000 0.000864328
