       300 8.02937e-06
       400 1.40196e-05
       500 2.13082e-05
       600 2.97641e-05
       700 3.92899e-05
       800 4.98103e-05
       900 6.12657e-05
      1000 7.36076e-05
      1100 8.67961e-05
      1200 0.000100798
      1300 0.000115584
      1400 0.00013113
      1500 0.000147415
      1600 0.00016442
      1700 0.00018213
      1800 0.000200528
      1900 0.000219603
      2000 0.000239344
      2100 0.000259738
      2200 0.000280778
      2300 0.000302455
      2400 0.00032476
      2500 0.000347688
      2600 0.000371231
      2700 0.000395383
      2800 0.00042014
      2900 0.000445496
      3000 0.000471447
