       300 8.35087e-05
       400 0.000142679
       500 0.000213817
       600 0.000295729
       700 0.00038754
       800 0.000488581
       900 0.000598324
      1000 0.000716344
      1100 0.00084229
      1200 0.000975867
      1300 0.00111683
      1400 0.00126495
      1500 0.00142005
      1600 0.00158197
      1700 0.00175056
      1800  0.0019257
      1900 0.00210727
      2000 0.00229516
      2100  0.0024893
      2200 0.00268958
      2300 0.00289594
      2400 0.00310832
      2500 0.00332664
      2600 0.00355084
      2700 0.00378089
      2800 0.00401672
      2900 0.00425829
      3000 0.00450557
