       300 1.50165e-05
       400 2.68705e-05
       500 4.15868e-05
       600 5.89098e-05
       700 7.86373e-05
       800 0.000100605
       900 0.000124679
      1000 0.000150745
      1100 0.000178708
      1200 0.000208483
      1300    0.00024
      1400 0.000273195
      1500 0.000308012
      1600  0.0003444
      1700 0.000382315
      1800 0.000421717
      1900 0.000462569
      2000 0.000504836
      2100 0.00054849
      2200 0.000593501
      2300 0.000639843
      2400 0.000687494
      2500 0.000736429
      2600 0.00078663
      2700 0.000838076
      2800 0.00089075
      2900 0.000944634
      3000 0.000999713
