       300 1.59636e-05
       400 2.72514e-05
       500 4.08167e-05
       600 5.64327e-05
       700 7.3933e-05
       800 9.31907e-05
       900 0.000114106
      1000 0.000136597
      1100 0.000160598
      1200 0.000186052
      1300 0.000212913
      1400 0.000241139
      1500 0.000270694
      1600 0.000301548
      1700 0.000333674
      1800 0.000367047
      1900 0.000401645
      2000 0.000437448
      2100 0.000474441
      2200 0.000512605
      2300 0.000551928
      2400 0.000592396
      2500 0.000633997
      2600 0.000676721
      2700 0.000720556
      2800 0.000765494
      2900 0.000811527
      3000 0.000858647
