       300 1.1036e-05
       400 1.93046e-05
       500 2.93772e-05
       600 4.10724e-05
       700 5.42545e-05
       800 6.88189e-05
       900 8.46824e-05
      1000 0.000101778
      1100 0.000120048
      1200 0.000139448
      1300 0.000159937
      1400 0.000181481
      1500 0.000204049
      1600 0.000227617
      1700 0.000252161
      1800 0.000277661
      1900 0.000304098
      2000 0.000331457
      2100 0.000359723
      2200 0.000388883
      2300 0.000418924
      2400 0.000449837
      2500 0.00048161
      2600 0.000514236
      2700 0.000547705
      2800 0.00058201
      2900 0.000617145
      3000 0.000653102
