       300 1.02797e-05
       400 1.79128e-05
       500 2.71885e-05
       600 3.79409e-05
       700 5.00466e-05
       800 6.34108e-05
       900 7.79581e-05
      1000 9.36277e-05
      1100 0.000110369
      1200 0.00012814
      1300 0.000146906
      1400 0.000166634
      1500 0.000187298
      1600 0.000208876
      1700 0.000231347
      1800 0.000254692
      1900 0.000278895
      2000 0.000303942
      2100 0.00032982
      2200 0.000356517
      2300 0.000384022
      2400 0.000412326
      2500 0.00044142
      2600 0.000471296
      2700 0.000501946
      2800 0.000533364
      2900 0.000565544
      3000 0.00059848
