       300 8.9223e-06
       400 1.58417e-05
       500 2.43657e-05
       600 3.43411e-05
       700  4.565e-05
       800 5.8199e-05
       900 7.19128e-05
      1000 8.67291e-05
      1100 0.000102596
      1200 0.000119468
      1300 0.000137309
      1400 0.000156084
      1500 0.000175765
      1600 0.000196326
      1700 0.000217744
      1800 0.000239999
      1900 0.000263074
      2000 0.00028695
      2100 0.000311613
      2200 0.00033705
      2300 0.000363249
      2400 0.000390196
      2500 0.000417883
      2600 0.000446299
      2700 0.000475435
      2800 0.000505283
      2900 0.000535836
      3000 0.000567085
