       300 1.89195e-05
       400 3.17867e-05
       500  4.714e-05
       600 6.47413e-05
       700 8.44166e-05
       800 0.000106033
       900 0.000129486
      1000 0.000154689
      1100 0.000181573
      1200 0.000210078
      1300 0.000240152
      1400 0.000271753
      1500 0.000304841
      1600 0.000339384
      1700 0.00037535
      1800 0.000412714
      1900 0.000451452
      2000 0.000491542
      2100 0.000532964
      2200  0.0005757
      2300 0.000619735
      2400 0.000665054
      2500 0.000711642
      2600 0.000759488
      2700 0.000808579
      2800 0.000858906
      2900 0.000910457
      3000 0.000963224
