       300 1.1263e-05
       400 1.91403e-05
       500 2.85871e-05
       600 3.94483e-05
       700 5.16105e-05
       800 6.49872e-05
       900 7.95101e-05
      1000 9.51239e-05
      1100 0.000111783
      1200 0.00012945
      1300 0.00014809
      1400 0.000167678
      1500 0.000188187
      1600 0.000209598
      1700 0.00023189
      1800 0.000255048
      1900 0.000279056
      2000 0.000303901
      2100 0.000329571
      2200 0.000356054
      2300 0.000383341
      2400 0.000411423
      2500 0.000440291
      2600 0.000469937
      2700 0.000500356
      2800 0.000531539
      2900 0.000563482
      3000 0.000596179
