       300 1.14095e-05
       400 1.92802e-05
       500 2.8695e-05
       600 3.95035e-05
       700 5.15958e-05
       800 6.4888e-05
       900 7.93139e-05
      1000 9.48198e-05
      1100 0.000111361
      1200 0.000128901
      1300 0.000147407
      1400 0.000166853
      1500 0.000187213
      1600 0.000208468
      1700 0.000230599
      1800 0.000253589
      1900 0.000277423
      2000 0.000302088
      2100 0.000327572
      2200 0.000353865
      2300 0.000380955
      2400 0.000408835
      2500 0.000437496
      2600 0.000466929
      2700 0.000497129
      2800 0.000528088
      2900 0.000559801
      3000 0.000592262
