       300 6.23732e-06
       400 1.09125e-05
       500 1.66082e-05
       600 2.32219e-05
       700 3.06769e-05
       800 3.8914e-05
       900 4.7886e-05
      1000 5.75548e-05
      1100 6.78888e-05
      1200 7.88614e-05
      1300 9.04501e-05
      1400 0.000102636
      1500 0.000115401
      1600 0.000128731
      1700 0.000142614
      1800 0.000157037
      1900 0.000171991
      2000 0.000187465
      2100 0.000203453
      2200 0.000219947
      2300 0.000236939
      2400 0.000254423
      2500 0.000272395
      2600 0.000290848
      2700 0.000309779
      2800 0.000329182
      2900 0.000349055
      3000 0.000369392
