       300 1.05878e-05
       400 1.8087e-05
       500 2.71024e-05
       600 3.74827e-05
       700 4.9117e-05
       800 6.19207e-05
       900 7.58271e-05
      1000 9.07822e-05
      1100 0.000106741
      1200 0.000123668
      1300 0.000141529
      1400 0.000160298
      1500 0.000179952
      1600 0.00020047
      1700 0.000221832
      1800 0.000244025
      1900 0.000267032
      2000 0.000290841
      2100 0.00031544
      2200 0.000340819
      2300 0.000366968
      2400 0.000393878
      2500 0.000421542
      2600 0.000449952
      2700 0.000479102
      2800 0.000508985
      2900 0.000539596
      3000 0.000570929
