       300 9.05105e-06
       400 1.56715e-05
       500 2.36865e-05
       600 3.29549e-05
       700 4.33727e-05
       800 5.48597e-05
       900 6.73529e-05
      1000 8.08013e-05
      1100 9.51629e-05
      1200 0.000110402
      1300 0.00012649
      1400 0.000143399
      1500 0.000161109
      1600  0.0001796
      1700 0.000198854
      1800 0.000218857
      1900 0.000239594
      2000 0.000261055
      2100 0.000283228
      2200 0.000306103
      2300 0.000329672
      2400 0.000353927
      2500 0.00037886
      2600 0.000404464
      2700 0.000430734
      2800 0.000457664
      2900 0.000485249
      3000 0.000513483
