       300 8.0324e-06
       400 1.43412e-05
       500 2.21544e-05
       600 3.13345e-05
       700 4.17736e-05
       800 5.3385e-05
       900 6.60978e-05
      1000 7.98527e-05
      1100 9.45998e-05
      1200 0.000110296
      1300 0.000126904
      1400 0.000144392
      1500 0.00016273
      1600 0.000181894
      1700 0.00020186
      1800 0.000222608
      1900 0.00024412
      2000 0.000266377
      2100 0.000289366
      2200 0.000313072
      2300 0.000337481
      2400 0.000362583
      2500 0.000388366
      2600 0.000414819
      2700 0.000441933
      2800  0.0004697
      2900 0.000498111
      3000 0.000527158
