       300 8.22615e-06
       400 1.43459e-05
       500 2.17865e-05
       600 3.04144e-05
       700 4.01304e-05
       800 5.08583e-05
       900 6.25374e-05
      1000 7.51186e-05
      1100 8.85613e-05
      1200 0.000102832
      1300 0.000117901
      1400 0.000133744
      1500 0.000150339
      1600 0.000167668
      1700 0.000185714
      1800 0.000204462
      1900  0.0002239
      2000 0.000244015
      2100 0.000264797
      2200 0.000286238
      2300 0.000308327
      2400 0.000331057
      2500 0.000354422
      2600 0.000378414
      2700 0.000403028
      2800 0.000428258
      2900 0.000454099
      3000 0.000480547
