       300 1.27306e-05
       400 2.18181e-05
       500 3.27605e-05
       600 4.53715e-05
       700 5.95148e-05
       800 7.5086e-05
       900 9.20029e-05
      1000 0.000110199
      1100 0.00012962
      1200 0.000150219
      1300 0.000171958
      1400 0.000194803
      1500 0.000218725
      1600 0.000243699
      1700 0.000269703
      1800 0.000296716
      1900 0.000324721
      2000 0.000353703
      2100 0.000383646
      2200 0.000414538
      2300 0.000446368
      2400 0.000479124
      2500 0.000512798
      2600 0.00054738
      2700 0.000582862
      2800 0.000619237
      2900 0.000656497
      3000 0.000694637
