       300 6.84137e-06
       400 1.21678e-05
       500 1.87396e-05
       600 2.64392e-05
       700 3.51756e-05
       800 4.48766e-05
       900 5.54835e-05
      1000 6.69478e-05
      1100 7.92287e-05
      1200 9.22916e-05
      1300 0.000106106
      1400 0.000120647
      1500 0.000135891
      1600 0.000151818
      1700 0.000168409
      1800 0.00018565
      1900 0.000203524
      2000 0.00022202
      2100 0.000241125
      2200 0.000260828
      2300 0.00028112
      2400 0.00030199
      2500 0.000323431
      2600 0.000345435
      2700 0.000367995
      2800 0.000391104
      2900 0.000414755
      3000 0.000438943
