       300 1.27957e-05
       400 2.18988e-05
       500 3.28521e-05
       600 4.54705e-05
       700 5.96181e-05
       800 7.51913e-05
       900 9.21082e-05
      1000 0.000110303
      1100 0.000129721
      1200 0.000150316
      1300 0.00017205
      1400 0.00019489
      1500 0.000218806
      1600 0.000243773
      1700 0.000269769
      1800 0.000296775
      1900 0.000324772
      2000 0.000353746
      2100 0.00038368
      2200 0.000414564
      2300 0.000446385
      2400 0.000479132
      2500 0.000512796
      2600 0.000547369
      2700 0.000582841
      2800 0.000619205
      2900 0.000656456
      3000 0.000694585
