       300 6.70402e-05
       400 0.000114761
       500 0.000172188
       600 0.00023835
       700 0.000312533
       800 0.000394193
       900 0.000482902
      1000 0.000578312
      1100 0.000680137
      1200 0.000788137
      1300 0.00090211
      1400 0.00102188
      1500  0.0011473
      1600 0.00127823
      1700 0.00141455
      1800 0.00155617
      1900 0.00170299
      2000 0.00185492
      2100  0.0020119
      2200 0.00217386
      2300 0.00234072
      2400 0.00251245
      2500 0.00268899
      2600 0.00287028
      2700  0.0030563
      2800   0.003247
      2900 0.00344234
      3000 0.00364229
