       300 7.95142e-06
       400 1.41966e-05
       500 2.19311e-05
       600 3.10187e-05
       700 4.13525e-05
       800 5.28468e-05
       900 6.54314e-05
      1000 7.90477e-05
      1100 9.36461e-05
      1200 0.000109184
      1300 0.000125625
      1400 0.000142936
      1500 0.00016109
      1600 0.000180061
      1700 0.000199825
      1800 0.000220364
      1900 0.000241659
      2000 0.000263692
      2100 0.000286449
      2200 0.000309916
      2300 0.000334079
      2400 0.000358928
      2500 0.000384451
      2600 0.000410637
      2700 0.000437478
      2800 0.000464965
      2900 0.000493089
      3000 0.000521843
