       300 6.70227e-05
       400 0.000114731
       500 0.000172143
       600 0.000238287
       700 0.000312451
       800 0.00039409
       900 0.000482776
      1000 0.000578161
      1100 0.000679959
      1200 0.000787931
      1300 0.000901874
      1400 0.00102161
      1500   0.001147
      1600 0.00127789
      1700 0.00141418
      1800 0.00155576
      1900 0.00170254
      2000 0.00185444
      2100 0.00201138
      2200 0.00217329
      2300 0.00234011
      2400 0.00251179
      2500 0.00268828
      2600 0.00286953
      2700  0.0030555
      2800 0.00324615
      2900 0.00344144
      3000 0.00364134
