       300 8.19638e-06
       400 1.42689e-05
       500 2.1644e-05
       600 3.01899e-05
       700 3.9809e-05
       800 5.04259e-05
       900 6.19812e-05
      1000 7.44266e-05
      1100 8.77224e-05
      1200 0.000101835
      1300 0.000116736
      1400 0.000132402
      1500 0.000148811
      1600 0.000165944
      1700 0.000183787
      1800 0.000202323
      1900 0.000221541
      2000 0.000241429
      2100 0.000261977
      2200 0.000283175
      2300 0.000305015
      2400 0.00032749
      2500 0.000350592
      2600 0.000374315
      2700 0.000398654
      2800 0.000423602
      2900 0.000449156
      3000 0.00047531
