       300 8.01794e-06
       400 1.4241e-05
       500 2.19095e-05
       600 3.08859e-05
       700 4.1064e-05
       800 5.23598e-05
       900 6.47052e-05
      1000 7.80442e-05
      1100 9.23296e-05
      1200 0.000107522
      1300 0.000123586
      1400 0.000140492
      1500 0.000158214
      1600 0.000176729
      1700 0.000196016
      1800 0.000216057
      1900 0.000236835
      2000 0.000258336
      2100 0.000280545
      2200 0.000303451
      2300 0.000327041
      2400 0.000351307
      2500 0.000376237
      2600 0.000401824
      2700 0.000428058
      2800 0.000454934
      2900 0.000482442
      3000 0.000510578
