       300 1.16206e-05
       400 1.94638e-05
       500 2.88103e-05
       600 3.95176e-05
       700 5.14815e-05
       800 6.46225e-05
       900 7.88775e-05
      1000 9.41955e-05
      1100 0.000110534
      1200 0.000127857
      1300 0.000146135
      1400 0.00016534
      1500 0.00018545
      1600 0.000206443
      1700 0.000228303
      1800 0.000251013
      1900 0.000274559
      2000 0.000298927
      2100 0.000324105
      2200 0.000350083
      2300 0.00037685
      2400 0.000404399
      2500 0.000432719
      2600 0.000461805
      2700 0.000491648
      2800 0.000522241
      2900 0.00055358
      3000 0.000585658
