       300 7.76649e-06
       400 1.38536e-05
       500 2.13852e-05
       600 3.0228e-05
       700 4.02779e-05
       800 5.14515e-05
       900 6.36807e-05
      1000 7.69088e-05
      1100 9.10879e-05
      1200 0.000106177
      1300 0.000122141
      1400 0.000138948
      1500 0.000156572
      1600 0.000174988
      1700 0.000194174
      1800 0.000214112
      1900 0.000234783
      2000 0.000256171
      2100 0.000278263
      2200 0.000301044
      2300 0.000324502
      2400 0.000348627
      2500 0.000373408
      2600 0.000398835
      2700 0.000424899
      2800 0.000451592
      2900 0.000478906
      3000 0.000506833
