       300 1.88635e-05
       400 3.16926e-05
       500 4.70006e-05
       600 6.45498e-05
       700 8.41669e-05
       800 0.00010572
       900 0.000129103
      1000 0.000154232
      1100 0.000181036
      1200 0.000209456
      1300 0.000239442
      1400 0.000270949
      1500 0.00030394
      1600 0.00033838
      1700 0.00037424
      1800 0.000411494
      1900 0.000450117
      2000 0.000490088
      2100 0.000531387
      2200 0.000573998
      2300 0.000617902
      2400 0.000663087
      2500 0.000709537
      2600 0.000757242
      2700 0.000806188
      2800 0.000856365
      2900 0.000907764
      3000 0.000960375
