       300 9.22791e-06
       400 1.60031e-05
       500 2.4213e-05
       600 3.37123e-05
       700 4.43936e-05
       800 5.61745e-05
       900  6.899e-05
      1000 8.27873e-05
      1100 9.7523e-05
      1200 0.000113161
      1300 0.00012967
      1400 0.000147023
      1500 0.000165198
      1600 0.000184175
      1700 0.000203936
      1800 0.000224465
      1900 0.000245749
      2000 0.000267775
      2100 0.000290532
      2200 0.000314009
      2300 0.000338199
      2400 0.000363091
      2500 0.00038868
      2600 0.000414957
      2700 0.000441917
      2800 0.000469554
      2900 0.000497863
      3000 0.000526838
