       300 8.17851e-06
       400 1.42629e-05
       500 2.16603e-05
       600 3.02382e-05
       700 3.9898e-05
       800 5.05638e-05
       900 6.21752e-05
      1000 7.46835e-05
      1100 8.80484e-05
      1200 0.000102236
      1300 0.000117218
      1400 0.000132969
      1500 0.000149468
      1600 0.000166697
      1700 0.000184638
      1800 0.000203278
      1900 0.000222603
      2000 0.000242602
      2100 0.000263264
      2200 0.00028458
      2300 0.000306541
      2400 0.00032914
      2500 0.000352369
      2600 0.000376222
      2700 0.000400694
      2800 0.000425778
      2900 0.000451469
      3000 0.000477764
