       300 7.99157e-06
       400 1.39536e-05
       500 2.12079e-05
       600 2.9624e-05
       700 3.91049e-05
       800 4.95758e-05
       900 6.09772e-05
      1000 7.3261e-05
      1100 8.63874e-05
      1200 0.000100323
      1300 0.00011504
      1400 0.000130513
      1500 0.000146721
      1600 0.000163646
      1700 0.000181272
      1800 0.000199584
      1900 0.000218569
      2000 0.000238217
      2100 0.000258515
      2200 0.000279456
      2300 0.000301031
      2400 0.000323231
      2500 0.000346051
      2600 0.000369483
      2700 0.000393522
      2800 0.000418162
      2900 0.000443399
      3000 0.000469227
