       300 7.99537e-06
       400 1.4275e-05
       500 2.20523e-05
       600 3.11901e-05
       700 4.1581e-05
       800 5.31389e-05
       900 6.5793e-05
      1000 7.94846e-05
      1100 9.41636e-05
      1200 0.000109788
      1300 0.000126319
      1400 0.000143726
      1500 0.00016198
      1600 0.000181056
      1700 0.00020093
      1800 0.000221582
      1900 0.000242994
      2000 0.000265149
      2100 0.000288032
      2200 0.000311628
      2300 0.000335926
      2400 0.000360911
      2500 0.000386575
      2600 0.000412907
      2700 0.000439896
      2800 0.000467535
      2900 0.000495814
      3000 0.000524727
