       300 1.12733e-05
       400 1.91069e-05
       500  2.849e-05
       600 3.92702e-05
       700 5.13366e-05
       800 6.46042e-05
       900 7.9006e-05
      1000 9.44879e-05
      1100 0.000111005
      1200 0.00012852
      1300   0.000147
      1400 0.000166419
      1500 0.000186751
      1600 0.000207976
      1700 0.000230076
      1800 0.000253034
      1900 0.000276835
      2000 0.000301465
      2100 0.000326913
      2200 0.000353168
      2300 0.00038022
      2400 0.000408059
      2500 0.000436678
      2600 0.00046607
      2700 0.000496226
      2800 0.000527141
      2900 0.000558808
      3000 0.000591222
