       300 1.79518e-05
       400 3.0161e-05
       500 4.47291e-05
       600 6.14301e-05
       700 8.00992e-05
       800 0.00010061
       900 0.000122863
      1000 0.000146778
      1100 0.000172287
      1200 0.000199334
      1300 0.00022787
      1400 0.000257854
      1500 0.00028925
      1600 0.000322026
      1700 0.000356153
      1800 0.000391606
      1900 0.000428363
      2000 0.000466402
      2100 0.000505706
      2200 0.000546257
      2300 0.00058804
      2400 0.00063104
      2500 0.000675246
      2600 0.000720645
      2700 0.000767225
      2800 0.000814978
      2900 0.000863892
      3000 0.00091396
