       300 3.56812e-05
       400 5.90743e-05
       500 8.68231e-05
       600 0.000118532
       700 0.000153912
       800 0.000192742
       900 0.000234846
      1000 0.000280081
      1100 0.000328328
      1200 0.000379484
      1300 0.000433464
      1400 0.000490191
      1500 0.000549599
      1600 0.000611631
      1700 0.000676233
      1800 0.000743358
      1900 0.000812964
      2000 0.000885013
      2100 0.00095947
      2200  0.0010363
      2300 0.00111548
      2400 0.00119698
      2500 0.00128077
      2600 0.00136683
      2700 0.00145515
      2800 0.00154569
      2900 0.00163844
      3000 0.00173339
