       300 3.48287e-05
       400 5.72663e-05
       500 8.38159e-05
       600 0.000114116
       700 0.000147903
       800 0.000184973
       900 0.000225164
      1000 0.000268345
      1100 0.000314403
      1200 0.000363246
      1300 0.000414792
      1400 0.00046897
      1500 0.000525718
      1600 0.000584982
      1700 0.00064671
      1800 0.00071086
      1900 0.00077739
      2000 0.000846265
      2100 0.00091745
      2200 0.000990915
      2300 0.00106663
      2400 0.00114457
      2500 0.00122472
      2600 0.00130704
      2700 0.00139152
      2800 0.00147813
      2900 0.00156687
      3000 0.00165771
