       300 1.94527e-05
       400 3.26826e-05
       500 4.84686e-05
       600 6.6566e-05
       700 8.67959e-05
       800 0.000109022
       900 0.000133135
      1000 0.000159049
      1100 0.000186691
      1200 0.000215999
      1300 0.000246921
      1400 0.000279412
      1500 0.000313433
      1600 0.000348949
      1700 0.00038593
      1800 0.000424347
      1900 0.000464176
      2000 0.000505396
      2100 0.000547985
      2200 0.000591926
      2300 0.000637203
      2400 0.000683798
      2500  0.0007317
      2600 0.000780894
      2700 0.000831369
      2800 0.000883114
      2900 0.000936118
      3000 0.000990372
