       300 2.77617e-05
       400 4.65292e-05
       500 6.88999e-05
       600 9.45313e-05
       700 0.000123173
       800 0.000154635
       900 0.000188765
      1000 0.000225441
      1100 0.00026456
      1200 0.000306037
      1300 0.000349799
      1400 0.000395782
      1500 0.00044393
      1600 0.000494195
      1700 0.000546533
      1800 0.000600906
      1900 0.00065728
      2000 0.000715621
      2100 0.000775903
      2200 0.000838099
      2300 0.000902185
      2400 0.000968141
      2500 0.00103594
      2600 0.00110558
      2700 0.00117703
      2800 0.00125027
      2900  0.0013253
      3000  0.0014021
