       300 4.02864e-05
       400 6.93724e-05
       500 0.00010448
       600 0.000145002
       700 0.000190492
       800 0.000240607
       900 0.000295079
      1000 0.000353688
      1100 0.000416257
      1200 0.000482634
      1300 0.000552691
      1400 0.000626321
      1500 0.000703426
      1600 0.000783926
      1700 0.000867746
      1800 0.000954822
      1900  0.0010451
      2000 0.00113852
      2100 0.00123504
      2200 0.00133462
      2300 0.00143723
      2400 0.00154282
      2500 0.00165136
      2600 0.00176283
      2700  0.0018772
      2800 0.00199445
      2900 0.00211455
      3000 0.00223749
