       300 2.62011e-05
       400 4.51082e-05
       500 6.79272e-05
       600 9.42635e-05
       700 0.000123827
       800 0.000156396
       900 0.000191795
      1000 0.000229882
      1100 0.000270542
      1200 0.000313676
      1300 0.000359202
      1400 0.000407049
      1500 0.000457154
      1600 0.000509465
      1700 0.000563934
      1800 0.000620518
      1900 0.000679181
      2000 0.000739889
      2100 0.000802612
      2200 0.000867323
      2300 0.000933997
      2400 0.00100261
      2500 0.00107315
      2600 0.00114558
      2700 0.00121991
      2800  0.0012961
      2900 0.00137414
      3000 0.00145403
