       300 3.57063e-05
       400 5.87975e-05
       500 8.61344e-05
       600 0.000117341
       700 0.000152143
       800 0.000190328
       900 0.000231729
      1000 0.000276208
      1100 0.000323651
      1200 0.000373959
      1300 0.00042705
      1400 0.000482851
      1500 0.000541295
      1600 0.000602328
      1700 0.000665898
      1800 0.000731958
      1900 0.000800467
      2000 0.000871389
      2100 0.000944687
      2200 0.00102033
      2300 0.00109829
      2400 0.00117854
      2500 0.00126106
      2600 0.00134582
      2700 0.00143279
      2800 0.00152197
      2900 0.00161333
      3000 0.00170686
