       300 2.74336e-05
       400 4.59203e-05
       500 6.79446e-05
       600 9.31717e-05
       700 0.000121357
       800 0.000152314
       900 0.000185895
      1000 0.000221979
      1100 0.000260466
      1200 0.000301273
      1300 0.000344328
      1400 0.000389569
      1500 0.00043694
      1600 0.000486395
      1700 0.00053789
      1800 0.000591388
      1900 0.000646854
      2000 0.000704258
      2100 0.000763572
      2200 0.00082477
      2300 0.000887828
      2400 0.000952726
      2500 0.00101944
      2600 0.00108796
      2700 0.00115827
      2800 0.00123034
      2900 0.00130417
      3000 0.00137974
