       300 3.43692e-05
       400 5.62423e-05
       500 8.20871e-05
       600 0.000111564
       700 0.000144424
       800 0.000180474
       900 0.000219562
      1000 0.00026156
      1100 0.000306364
      1200 0.000353883
      1300 0.000404039
      1400 0.000456764
      1500 0.000511997
      1600 0.000569685
      1700 0.000629781
      1800 0.00069224
      1900 0.000757023
      2000 0.000824094
      2100 0.00089342
      2200 0.000964971
      2300 0.00103872
      2400 0.00111464
      2500  0.0011927
      2600 0.00127289
      2700 0.00135518
      2800 0.00143956
      2900   0.001526
      3000 0.00161449
