       300 3.47989e-05
       400 5.72119e-05
       500 8.37316e-05
       600 0.000113997
       700 0.000147745
       800 0.000184773
       900 0.000224918
      1000 0.000268048
      1100 0.000314054
      1200 0.000362841
      1300 0.000414328
      1400 0.000468444
      1500 0.000525128
      1600 0.000584324
      1700 0.000645982
      1800 0.000710059
      1900 0.000776515
      2000 0.000845311
      2100 0.000916416
      2200 0.000989798
      2300 0.00106543
      2400 0.00114328
      2500 0.00122334
      2600 0.00130557
      2700 0.00138995
      2800 0.00147647
      2900 0.00156511
      3000 0.00165585
