       300 3.09665e-05
       400 5.16396e-05
       500 7.6231e-05
       600 0.000104375
       700 0.000135804
       800 0.000170313
       900 0.000207742
      1000 0.000247957
      1100 0.00029085
      1200 0.000336328
      1300 0.000384311
      1400 0.000434732
      1500 0.00048753
      1600 0.000542653
      1700 0.000600052
      1800 0.000659686
      1900 0.000721517
      2000 0.000785511
      2100 0.000851636
      2200 0.000919865
      2300 0.00099017
      2400 0.00106253
      2500 0.00113692
      2600 0.00121332
      2700 0.00129171
      2800 0.00137207
      2900  0.0014544
      3000 0.00153866
