       300 3.58651e-05
       400 5.90589e-05
       500 8.65173e-05
       600 0.000117863
       700 0.000152819
       800 0.000191174
       900 0.000232759
      1000 0.000277436
      1100 0.000325089
      1200 0.000375622
      1300 0.000428949
      1400 0.000484997
      1500 0.000543702
      1600 0.000605006
      1700 0.000668858
      1800 0.000735212
      1900 0.000804026
      2000 0.000875262
      2100 0.000948887
      2200 0.00102487
      2300 0.00110317
      2400 0.00118378
      2500 0.00126666
      2600  0.0013518
      2700 0.00143916
      2800 0.00152874
      2900  0.0016205
      3000 0.00171444
