       300 5.30716e-05
       400 8.6988e-05
       500 0.000127081
       600 0.000172817
       700 0.000223806
       800 0.000279746
       900 0.000340397
      1000 0.000405562
      1100 0.000475076
      1200 0.000548799
      1300 0.000626609
      1400 0.000708399
      1500 0.000794078
      1600 0.000883561
      1700 0.000976773
      1800 0.00107365
      1900 0.00117413
      2000 0.00127815
      2100 0.00138567
      2200 0.00149663
      2300 0.00161101
      2400 0.00172874
      2500 0.00184981
      2600 0.00197417
      2700 0.00210179
      2800 0.00223265
      2900  0.0023667
      3000 0.00250394
