       300 5.37916e-05
       400 8.81681e-05
       500 0.000128805
       600 0.000175162
       700 0.000226842
       800 0.000283541
       900 0.000345015
      1000 0.000411064
      1100 0.000481521
      1200 0.000556244
      1300 0.000635109
      1400 0.00071801
      1500 0.00080485
      1600 0.000895547
      1700 0.000990024
      1800 0.00108821
      1900 0.00119005
      2000 0.00129549
      2100 0.00140446
      2200 0.00151694
      2300 0.00163286
      2400  0.0017522
      2500  0.0018749
      2600 0.00200095
      2700 0.00213031
      2800 0.00226293
      2900 0.00239881
      3000 0.00253791
