       300 1.79816e-05
       400 3.06805e-05
       500 4.5938e-05
       600 6.34993e-05
       700 8.31778e-05
       800 0.000104831
       900 0.000128347
      1000 0.000153634
      1100 0.000180619
      1200 0.000209237
      1300 0.000239435
      1400 0.000271169
      1500 0.000304397
      1600 0.000339085
      1700 0.000375203
      1800 0.000412722
      1900 0.000451619
      2000 0.000491872
      2100 0.000533461
      2200 0.000576368
      2300 0.000620577
      2400 0.000666073
      2500 0.000712844
      2600 0.000760876
      2700 0.000810158
      2800 0.000860681
      2900 0.000912433
      3000 0.000965407
