       300 1.70853e-05
       400 2.98994e-05
       500 4.55136e-05
       600 6.36464e-05
       700 8.40874e-05
       800 0.000106674
       900 0.000131277
      1000 0.000157792
      1100 0.000186132
      1200 0.000216224
      1300 0.000248005
      1400 0.000281424
      1500 0.000316433
      1600 0.000352992
      1700 0.000391066
      1800 0.000430622
      1900 0.000471633
      2000 0.000514074
      2100 0.000557921
      2200 0.000603155
      2300 0.000649756
      2400 0.000697709
      2500 0.000746996
      2600 0.000797605
      2700 0.000849521
      2800 0.000902735
      2900 0.000957234
      3000 0.00101301
