       300 2.27622e-05
       400 3.8157e-05
       500 5.65089e-05
       600 7.75366e-05
       700 0.000101035
       800 0.000126847
       900 0.000154848
      1000 0.000184938
      1100 0.000217033
      1200 0.000251062
      1300 0.000286966
      1400 0.000324692
      1500 0.000364194
      1600 0.000405433
      1700 0.000448373
      1800 0.000492982
      1900 0.000539233
      2000 0.000587098
      2100 0.000636554
      2200 0.000687581
      2300 0.00074016
      2400 0.000794271
      2500 0.000849899
      2600 0.000907029
      2700 0.000965646
      2800 0.00102574
      2900 0.00108729
      3000  0.0011503
