       300 2.31346e-05
       400 3.82179e-05
       500 5.60949e-05
       600 7.65143e-05
       700 9.92927e-05
       800 0.000124289
       900 0.000151392
      1000 0.00018051
      1100 0.000211567
      1200 0.000244498
      1300 0.000279248
      1400 0.000315768
      1500 0.000354017
      1600 0.000393956
      1700 0.000435551
      1800 0.000478774
      1900 0.000523596
      2000 0.000569993
      2100 0.000617942
      2200 0.000667423
      2300 0.000718417
      2400 0.000770906
      2500 0.000824874
      2600 0.000880306
      2700 0.000937188
      2800 0.000995508
      2900 0.00105525
      3000 0.00111641
