       300 2.3546e-05
       400 3.92334e-05
       500 5.78882e-05
       600 7.9234e-05
       700 0.000103069
       800 0.000129239
       900 0.000157621
      1000 0.000188116
      1100 0.000220642
      1200 0.000255128
      1300 0.000291514
      1400 0.000329748
      1500 0.000369786
      1600 0.000411587
      1700 0.000455114
      1800 0.000500338
      1900 0.000547227
      2000 0.000595757
      2100 0.000645904
      2200 0.000697647
      2300 0.000750965
      2400 0.00080584
      2500 0.000862256
      2600 0.000920197
      2700 0.000979649
      2800  0.0010406
      2900 0.00110303
      3000 0.00116694
