       300 1.84743e-05
       400 3.13609e-05
       500 4.68072e-05
       600 6.45609e-05
       700 8.44376e-05
       800 0.000106297
       900 0.000130027
      1000 0.000155539
      1100 0.000182757
      1200 0.000211621
      1300 0.000242076
      1400 0.000274078
      1500 0.000307586
      1600 0.000342566
      1700 0.000378986
      1800 0.000416821
      1900 0.000456044
      2000 0.000496635
      2100 0.000538574
      2200 0.000581841
      2300 0.000626422
      2400 0.000672302
      2500 0.000719466
      2600 0.000767902
      2700 0.000817599
      2800 0.000868546
      2900 0.000920734
      3000 0.000974152
