       300 1.31321e-05
       400 2.24745e-05
       500 3.37158e-05
       600 4.66659e-05
       700 6.11855e-05
       800 7.71681e-05
       900 9.45298e-05
      1000 0.000113203
      1100 0.000133131
      1200 0.000154268
      1300 0.000176573
      1400 0.000200013
      1500 0.000224558
      1600 0.000250182
      1700 0.000276862
      1800 0.000304577
      1900 0.000333311
      2000 0.000363046
      2100 0.000393767
      2200 0.000425463
      2300 0.00045812
      2400 0.000491728
      2500 0.000526278
      2600 0.000561759
      2700 0.000598164
      2800 0.000635484
      2900 0.000673714
      3000 0.000712846
