       300 1.78965e-05
       400 3.04856e-05
       500 4.55995e-05
       600 6.29876e-05
       700 8.24664e-05
       800 0.000103896
       900 0.000127166
      1000 0.000152186
      1100 0.000178884
      1200 0.000207198
      1300 0.000237074
      1400 0.000268469
      1500 0.000301341
      1600 0.000335658
      1700 0.000371389
      1800 0.000408506
      1900 0.000446986
      2000 0.000486808
      2100 0.000527951
      2200 0.000570398
      2300 0.000614134
      2400 0.000659143
      2500 0.000705412
      2600 0.00075293
      2700 0.000801684
      2800 0.000851665
      2900 0.000902864
      3000 0.00095527
