       300 1.82254e-05
       400 3.09383e-05
       500 4.61764e-05
       600 6.36909e-05
       700 8.32998e-05
       800 0.000104864
       900 0.000128275
      1000 0.000153443
      1100 0.000180295
      1200 0.000208769
      1300 0.000238814
      1400 0.000270385
      1500 0.000303441
      1600 0.000337949
      1700 0.000373879
      1800 0.000411204
      1900 0.000449899
      2000 0.000489943
      2100 0.000531316
      2200 0.000574001
      2300 0.000617981
      2400 0.000663242
      2500 0.000709771
      2600 0.000757554
      2700 0.000806582
      2800 0.000856842
      2900 0.000908326
      3000 0.000961025
