       300 1.5119e-05
       400 2.63322e-05
       500 3.99544e-05
       600 5.5742e-05
       700 7.35144e-05
       800 9.31322e-05
       900 0.000114485
      1000 0.000137484
      1100 0.000162056
      1200 0.000188138
      1300 0.000215678
      1400 0.000244631
      1500 0.000274957
      1600 0.000306624
      1700 0.000339601
      1800 0.00037386
      1900 0.00040938
      2000 0.000446137
      2100 0.000484114
      2200 0.000523293
      2300 0.000563659
      2400 0.000605197
      2500 0.000647894
      2600 0.000691739
      2700 0.000736721
      2800 0.000782831
      2900 0.000830058
      3000 0.000878395
