       300 1.79492e-05
       400 3.05754e-05
       500 4.57338e-05
       600 6.31731e-05
       700 8.27092e-05
       800 0.000104202
       900 0.00012754
      1000 0.000152635
      1100 0.000179411
      1200 0.000207808
      1300 0.000237772
      1400 0.000269259
      1500 0.000302229
      1600 0.000336646
      1700 0.000372482
      1800 0.000409709
      1900 0.000448302
      2000 0.000488241
      2100 0.000529506
      2200 0.000572078
      2300 0.000615942
      2400 0.000661084
      2500 0.00070749
      2600 0.000755147
      2700 0.000804045
      2800 0.000854173
      2900 0.000905522
      3000 0.000958083
