       300 1.33711e-05
       400 2.30431e-05
       500 3.47225e-05
       600 4.82066e-05
       700 6.33463e-05
       800 8.00275e-05
       900 9.81602e-05
      1000 0.000117672
      1100 0.000138502
      1200 0.000160601
      1300 0.000183925
      1400 0.00020844
      1500 0.000234112
      1600 0.000260914
      1700 0.000288822
      1800 0.000317814
      1900 0.000347872
      2000 0.000378977
      2100 0.000411114
      2200 0.00044427
      2300 0.000478432
      2400 0.000513588
      2500 0.000549728
      2600 0.000586843
      2700 0.000624923
      2800 0.000663961
      2900 0.000703948
      3000 0.00074488
