       300 1.53724e-05
       400 2.6813e-05
       500 4.0724e-05
       600 5.68562e-05
       700 7.50239e-05
       800 9.50842e-05
       900 0.000116924
      1000 0.000140451
      1100 0.000165589
      1200 0.000192275
      1300 0.000220455
      1400 0.000250083
      1500 0.000281117
      1600 0.000313524
      1700 0.000347272
      1800 0.000382333
      1900 0.000418683
      2000 0.000456301
      2100 0.000495166
      2200 0.000535261
      2300 0.00057657
      2400 0.000619078
      2500 0.000662771
      2600 0.000707639
      2700 0.000753668
      2800 0.000800851
      2900 0.000849176
      3000 0.000898635
