       300 1.52829e-05
       400 2.6657e-05
       500 4.04871e-05
       600 5.65254e-05
       700 7.45874e-05
       800 9.4531e-05
       900 0.000116243
      1000 0.000139633
      1100 0.000164626
      1200 0.000191157
      1300 0.000219173
      1400 0.000248628
      1500 0.000279482
      1600  0.0003117
      1700 0.000345251
      1800 0.000380109
      1900 0.000416248
      2000 0.000453646
      2100 0.000492285
      2200 0.000532147
      2300 0.000573216
      2400 0.000615476
      2500 0.000658916
      2600 0.000703522
      2700 0.000749284
      2800 0.000796192
      2900 0.000844236
      3000 0.000893407
