       300 8.79904e-06
       400 1.58683e-05
       500 2.47431e-05
       600 3.52845e-05
       700 4.73767e-05
       800 6.09218e-05
       900 7.5836e-05
      1000 9.20471e-05
      1100 0.000109492
      1200 0.000128114
      1300 0.000147864
      1400 0.000168697
      1500 0.000190573
      1600 0.000213456
      1700 0.000237313
      1800 0.000262112
      1900 0.000287827
      2000 0.00031443
      2100 0.000341899
      2200 0.00037021
      2300 0.000399343
      2400 0.000429279
      2500 0.000459999
      2600 0.000491487
      2700 0.000523726
      2800  0.0005567
      2900 0.000590397
      3000 0.000624801
