       300 7.73271e-06
       400 1.39217e-05
       500 2.1668e-05
       600 3.08463e-05
       700 4.13532e-05
       800 5.31028e-05
       900 6.60224e-05
      1000 8.00496e-05
      1100 9.51303e-05
      1200 0.000111217
      1300 0.000128268
      1400 0.000146246
      1500 0.000165118
      1600 0.000184853
      1700 0.000205423
      1800 0.000226805
      1900 0.000248974
      2000 0.00027191
      2100 0.000295593
      2200 0.000320006
      2300 0.000345131
      2400 0.000370952
      2500 0.000397456
      2600 0.000424628
      2700 0.000452456
      2800 0.000480927
      2900 0.000510031
      3000 0.000539755
