       300 9.12288e-06
       400 1.64105e-05
       500 2.55198e-05
       600 3.63012e-05
       700 4.86323e-05
       800 6.24119e-05
       900 7.75546e-05
      1000 9.39877e-05
      1100 0.000111648
      1200 0.000130481
      1300 0.000150438
      1400 0.000171475
      1500 0.000193555
      1600 0.000216643
      1700 0.000240706
      1800 0.000265717
      1900 0.00029165
      2000 0.000318479
      2100 0.000346183
      2200 0.000374742
      2300 0.000404136
      2400 0.000434348
      2500 0.00046536
      2600 0.000497158
      2700 0.000529727
      2800 0.000563053
      2900 0.000597124
      3000 0.000631927
