       300 7.64164e-06
       400 1.37577e-05
       500 2.14128e-05
       600 3.0483e-05
       700 4.08662e-05
       800 5.24774e-05
       900 6.52448e-05
      1000 7.91068e-05
      1100 9.40099e-05
      1200 0.000109907
      1300 0.000126757
      1400 0.000144524
      1500 0.000163173
      1600 0.000182675
      1700 0.000203004
      1800 0.000224133
      1900 0.000246042
      2000 0.000268707
      2100 0.000292112
      2200 0.000316237
      2300 0.000341066
      2400 0.000366583
      2500 0.000392775
      2600 0.000419627
      2700 0.000447127
      2800 0.000475263
      2900 0.000504024
      3000 0.000533398
