       300 8.78512e-06
       400 1.5877e-05
       500 2.48243e-05
       600 3.5497e-05
       700 4.77834e-05
       800 6.15865e-05
       900 7.6822e-05
      1000 9.34155e-05
      1100 0.000111301
      1200 0.00013042
      1300 0.000150719
      1400 0.00017215
      1500 0.000194669
      1600 0.000218236
      1700 0.000242815
      1800 0.000268371
      1900 0.000294873
      2000 0.000322292
      2100 0.000350601
      2200 0.000379774
      2300 0.000409787
      2400 0.000440618
      2500 0.000472246
      2600 0.000504651
      2700 0.000537814
      2800 0.000571718
      2900 0.000606346
      3000 0.000641681
