       300 8.96457e-06
       400 1.59167e-05
       500 2.44811e-05
       600 3.45038e-05
       700 4.58663e-05
       800 5.84748e-05
       900 7.22536e-05
      1000  8.714e-05
      1100 0.000103082
      1200 0.000120034
      1300 0.000137959
      1400 0.000156823
      1500 0.000176597
      1600 0.000197256
      1700 0.000218776
      1800 0.000241137
      1900 0.00026432
      2000 0.00028831
      2100 0.00031309
      2200 0.000338648
      2300 0.00036497
      2400 0.000392045
      2500 0.000419863
      2600 0.000448414
      2700 0.000477688
      2800 0.000507678
      2900 0.000538375
      3000 0.000569773
