       300 1.34858e-05
       400 2.43738e-05
       500 3.81127e-05
       600 5.45036e-05
       700 7.33752e-05
       800 9.45788e-05
       900 0.000117985
      1000 0.000143479
      1100 0.00017096
      1200 0.000200338
      1300 0.00023153
      1400 0.000264462
      1500 0.000299068
      1600 0.000335285
      1700 0.000373057
      1800 0.000412332
      1900 0.000453061
      2000 0.000495199
      2100 0.000538703
      2200 0.000583536
      2300 0.00062966
      2400 0.000677041
      2500 0.000725645
      2600 0.000775443
      2700 0.000826406
      2800 0.000878505
      2900 0.000931716
      3000 0.000986012
