       300 9.34675e-06
       400 1.6552e-05
       500 2.54084e-05
       600 3.5756e-05
       700 4.74726e-05
       800 6.04619e-05
       900 7.46465e-05
      1000 8.99627e-05
      1100 0.000106357
      1200 0.000123786
      1300 0.000142209
      1400 0.000161593
      1500 0.00018191
      1600 0.000203133
      1700 0.00022524
      1800 0.00024821
      1900 0.000272025
      2000 0.000296669
      2100 0.000322127
      2200 0.000348384
      2300 0.000375429
      2400 0.000403251
      2500 0.000431838
      2600 0.000461182
      2700 0.000491274
      2800 0.000522105
      2900 0.000553668
      3000 0.000585956
