       300 1.24257e-05
       400 2.15996e-05
       500 3.27313e-05
       600 4.56229e-05
       700 6.01274e-05
       800 7.61321e-05
       900 9.35477e-05
      1000 0.000112302
      1100 0.000132335
      1200 0.000153597
      1300 0.000176046
      1400 0.000199645
      1500 0.000224363
      1600 0.000250172
      1700 0.000277048
      1800 0.00030497
      1900 0.000333918
      2000 0.000363875
      2100 0.000394826
      2200 0.000426757
      2300 0.000459656
      2400 0.00049351
      2500 0.000528311
      2600 0.000564047
      2700 0.000600711
      2800 0.000638295
      2900 0.000676791
      3000 0.000716193
