       300 8.74387e-06
       400 1.58025e-05
       500 2.47077e-05
       600 3.53304e-05
       700 4.7559e-05
       800 6.12973e-05
       900 7.64613e-05
      1000 9.29769e-05
      1100 0.000110779
      1200 0.000129808
      1300 0.000150011
      1400 0.000171341
      1500 0.000193755
      1600 0.000217211
      1700 0.000241675
      1800 0.000267111
      1900 0.000293489
      2000 0.000320779
      2100 0.000348955
      2200 0.00037799
      2300 0.000407863
      2400 0.000438549
      2500 0.000470029
      2600 0.000502282
      2700 0.000535289
      2800 0.000569034
      2900 0.000603499
      3000 0.000638668
