       300 1.46052e-05
       400 2.54207e-05
       500 3.85544e-05
       600 5.3772e-05
       700 7.08995e-05
       800 8.98031e-05
       900 0.000110377
      1000 0.000132535
      1100 0.000156206
      1200 0.000181332
      1300 0.000207861
      1400 0.000235751
      1500 0.000264964
      1600 0.000295468
      1700 0.000327232
      1800 0.000360233
      1900 0.000394447
      2000 0.000429854
      2100 0.000466435
      2200 0.000504174
      2300 0.000543057
      2400 0.000583069
      2500 0.000624198
      2600 0.000666433
      2700 0.000709764
      2800 0.00075418
      2900 0.000799674
      3000 0.000846238
