       300 1.33148e-05
       400 2.28678e-05
       500 3.4383e-05
       600 4.76629e-05
       700 6.25625e-05
       800 7.89712e-05
       900 9.68015e-05
      1000 0.000115983
      1100 0.000136457
      1200 0.000158175
      1300 0.000181096
      1400 0.000205184
      1500 0.000230409
      1600 0.000256743
      1700 0.000284163
      1800 0.000312648
      1900 0.000342179
      2000 0.000372739
      2100 0.000404314
      2200 0.000436889
      2300 0.000470453
      2400 0.000504994
      2500 0.000540502
      2600 0.000576967
      2700 0.000614382
      2800 0.000652738
      2900 0.000692028
      3000 0.000732245
