       300 1.0318e-05
       400 1.8208e-05
       500 2.78789e-05
       600 3.91557e-05
       700 5.19055e-05
       800 6.60245e-05
       900 8.14294e-05
      1000 9.80522e-05
      1100 0.000115836
      1200 0.000134734
      1300 0.000154704
      1400 0.000175712
      1500 0.000197726
      1600 0.00022072
      1700 0.000244669
      1800 0.000269553
      1900 0.000295352
      2000 0.00032205
      2100 0.00034963
      2200 0.000378079
      2300 0.000407384
      2400 0.000437534
      2500 0.000468517
      2600 0.000500324
      2700 0.000532946
      2800 0.000566375
      2900 0.000600603
      3000 0.000635622
