       300 1.34393e-05
       400 2.31606e-05
       500 3.48996e-05
       600 4.84524e-05
       700 6.36693e-05
       800 8.04355e-05
       900 9.86607e-05
      1000 0.000118272
      1100 0.000139208
      1200 0.000161419
      1300 0.000184863
      1400 0.000209503
      1500 0.000235306
      1600 0.000262245
      1700 0.000290295
      1800 0.000319435
      1900 0.000349646
      2000 0.000380909
      2100 0.000413211
      2200 0.000446536
      2300 0.000480872
      2400 0.000516207
      2500 0.000552532
      2600 0.000589835
      2700 0.000628109
      2800 0.000667346
      2900 0.000707538
      3000 0.000748678
