       300 9.09929e-06
       400 1.61559e-05
       500 2.4849e-05
       600 3.50223e-05
       700 4.65555e-05
       800 5.93535e-05
       900 7.33394e-05
      1000 8.84495e-05
      1100 0.000104631
      1200 0.000121838
      1300 0.000140032
      1400 0.00015918
      1500 0.000179251
      1600 0.00020022
      1700 0.000222063
      1800 0.00024476
      1900 0.000268292
      2000 0.000292642
      2100 0.000317795
      2200 0.000343737
      2300 0.000370454
      2400 0.000397937
      2500 0.000426172
      2600 0.000455152
      2700 0.000484866
      2800 0.000515307
      2900 0.000546465
      3000 0.000578335
