       300 1.04187e-05
       400 1.88294e-05
       500 2.94402e-05
       600 4.20973e-05
       700 5.66679e-05
       800 7.30371e-05
       900 9.1105e-05
      1000 0.000110783
      1100 0.000131994
      1200 0.000154666
      1300 0.000178739
      1400 0.000204153
      1500 0.000230858
      1600 0.000258806
      1700 0.000287954
      1800 0.00031826
      1900 0.000349689
      2000 0.000382205
      2100 0.000415775
      2200 0.000450371
      2300 0.000485963
      2400 0.000522525
      2500 0.000560032
      2600 0.000598461
      2700 0.000637789
      2800 0.000677995
      2900 0.00071906
      3000 0.000760963
