       300 1.55033e-05
       400 2.66753e-05
       500 4.01547e-05
       600 5.57089e-05
       700 7.31669e-05
       800 9.2398e-05
       900 0.000113299
      1000 0.000135787
      1100 0.000159792
      1200 0.000185258
      1300 0.000212135
      1400 0.000240382
      1500 0.000269963
      1600 0.000300845
      1700 0.000333001
      1800 0.000366406
      1900 0.000401038
      2000 0.000436878
      2100 0.000473906
      2200 0.000512109
      2300 0.00055147
      2400 0.000591977
      2500 0.000633618
      2600 0.000676382
      2700 0.000720259
      2800 0.000765239
      2900 0.000811315
      3000 0.000858478
