       300 8.05658e-06
       400 1.43096e-05
       500 2.20151e-05
       600 3.10348e-05
       700 4.12619e-05
       800 5.26121e-05
       900 6.50171e-05
      1000 7.84203e-05
      1100 9.27746e-05
      1200 0.00010804
      1300 0.000124181
      1400 0.000141169
      1500 0.000158976
      1600 0.000177581
      1700 0.000196961
      1800 0.000217098
      1900 0.000237977
      2000 0.000259581
      2100 0.000281897
      2200 0.000304913
      2300 0.000328618
      2400   0.000353
      2500 0.00037805
      2600 0.00040376
      2700 0.000430121
      2800 0.000457126
      2900 0.000484768
      3000 0.000513039
