       300 2.51822e-05
       400 4.31513e-05
       500 6.47863e-05
       600 8.97195e-05
       700 0.000117681
       800 0.000148465
       900 0.000181909
      1000 0.000217882
      1100 0.000256275
      1200 0.000296998
      1300 0.000339974
      1400 0.000385137
      1500 0.000432429
      1600  0.0004818
      1700 0.000533206
      1800 0.000586609
      1900 0.000641972
      2000 0.000699265
      2100 0.00075846
      2200 0.000819531
      2300 0.000882455
      2400 0.000947211
      2500 0.00101378
      2600 0.00108215
      2700 0.00115229
      2800  0.0012242
      2900 0.00129786
      3000 0.00137326
