       300 1.59599e-05
       400 2.72419e-05
       500 4.07998e-05
       600 5.64065e-05
       700 7.38962e-05
       800 9.31418e-05
       900 0.000114044
      1000 0.00013652
      1100 0.000160506
      1200 0.000185944
      1300 0.000212787
      1400 0.000240995
      1500 0.000270531
      1600 0.000301365
      1700 0.00033347
      1800 0.000366821
      1900 0.000401396
      2000 0.000437177
      2100 0.000474145
      2200 0.000512285
      2300 0.000551582
      2400 0.000592024
      2500 0.000633598
      2600 0.000676293
      2700  0.0007201
      2800 0.000765009
      2900 0.000811012
      3000 0.000858101
