       300 1.18533e-05
       400 2.10089e-05
       500 3.22708e-05
       600 4.54358e-05
       700 6.03483e-05
       800 7.68857e-05
       900 9.49489e-05
      1000 0.000114457
      1100 0.000135341
      1200 0.000157545
      1300 0.000181018
      1400 0.000205717
      1500 0.000231605
      1600 0.000258649
      1700 0.00028682
      1800 0.000316091
      1900 0.000346439
      2000 0.000377843
      2100 0.000410283
      2200 0.000443742
      2300 0.000478203
      2400 0.000513653
      2500 0.000550078
      2600 0.000587465
      2700 0.000625804
      2800 0.000665082
      2900 0.000705292
      3000 0.000746422
