       300 1.10533e-05
       400 1.95455e-05
       500 2.99715e-05
       600 4.21427e-05
       700 5.59152e-05
       800 7.11765e-05
       900 8.78359e-05
      1000 0.000105819
      1100 0.000125065
      1200 0.000145519
      1300 0.000167139
      1400 0.000189885
      1500 0.000213723
      1600 0.000238623
      1700 0.000264559
      1800 0.000291508
      1900 0.000319448
      2000 0.00034836
      2100 0.000378227
      2200 0.000409035
      2300 0.000440767
      2400 0.000473412
      2500 0.000506958
      2600 0.000541393
      2700 0.000576708
      2800 0.000612893
      2900 0.000649939
      3000 0.000687839
