       300 1.46992e-05
       400 2.55106e-05
       500 3.86167e-05
       600 5.37856e-05
       700 7.08452e-05
       800 8.96635e-05
       900 0.000110136
      1000 0.000132179
      1100 0.000155723
      1200 0.000180708
      1300 0.000207086
      1400 0.000234815
      1500 0.000263857
      1600 0.00029418
      1700 0.000325756
      1800 0.00035856
      1900 0.00039257
      2000 0.000427765
      2100 0.000464129
      2200 0.000501644
      2300 0.000540296
      2400 0.000580072
      2500 0.00062096
      2600 0.000662948
      2700 0.000706027
      2800 0.000750187
      2900 0.000795419
      3000 0.000841717
