       300 1.03409e-05
       400 1.86797e-05
       500 2.91863e-05
       600 4.17047e-05
       700 5.61018e-05
       800 7.22633e-05
       900 9.00899e-05
      1000 0.000109495
      1100 0.000130401
      1200 0.00015274
      1300 0.000176451
      1400 0.000201478
      1500 0.000227771
      1600 0.000255284
      1700 0.000283974
      1800 0.000313803
      1900 0.000344736
      2000 0.000376738
      2100 0.000409779
      2200 0.000443829
      2300 0.000478863
      2400 0.000514854
      2500 0.000551779
      2600 0.000589615
      2700 0.00062834
      2800 0.000667936
      2900 0.000708383
      3000 0.000749662
