       300 1.10131e-05
       400 1.9613e-05
       500 3.02366e-05
       600 4.26948e-05
       700 5.68404e-05
       800 7.25562e-05
       900 8.9747e-05
      1000 0.000108334
      1100 0.000128249
      1200 0.000149438
      1300 0.000171849
      1400 0.000195441
      1500 0.000220176
      1600 0.000246021
      1700 0.000272945
      1800 0.000300923
      1900 0.00032993
      2000 0.000359944
      2100 0.000390946
      2200 0.000422918
      2300 0.000455843
      2400 0.000489705
      2500 0.000524491
      2600 0.000560187
      2700 0.000596783
      2800 0.000634265
      2900 0.000672624
      3000 0.000711851
