       300 1.10629e-05
       400 1.9673e-05
       500 3.02948e-05
       600 4.27381e-05
       700 5.68559e-05
       800 7.25314e-05
       900 8.96699e-05
      1000 0.000108193
      1100 0.000128035
      1200 0.00014914
      1300 0.000171459
      1400 0.000194951
      1500 0.000219579
      1600 0.000245309
      1700 0.000272114
      1800 0.000299967
      1900 0.000328844
      2000 0.000358725
      2100 0.00038959
      2200 0.000421422
      2300 0.000454204
      2400 0.000487922
      2500 0.000522563
      2600 0.000558113
      2700 0.000594561
      2800 0.000631896
      2900 0.000670108
      3000 0.000709189
