       300 2.69971e-05
       400 4.62614e-05
       500 6.94557e-05
       600 9.61858e-05
       700 0.000126163
       800 0.000159166
       900 0.00019502
      1000 0.000233585
      1100 0.000274746
      1200 0.000318404
      1300 0.000364477
      1400 0.000412895
      1500 0.000463595
      1600 0.000516525
      1700 0.000571636
      1800 0.000628887
      1900 0.000688241
      2000 0.000749663
      2100 0.000813125
      2200 0.000878597
      2300 0.000946056
      2400 0.00101548
      2500 0.00108685
      2600 0.00116014
      2700 0.00123534
      2800 0.00131243
      2900  0.0013914
      3000 0.00147223
