       300 1.60195e-05
       400 2.72275e-05
       500 4.06694e-05
       600 5.61244e-05
       700 7.34312e-05
       800 9.24665e-05
       900 0.000113133
      1000 0.000135352
      1100 0.000159059
      1200  0.0001842
      1300 0.000210727
      1400 0.000238601
      1500 0.000267787
      1600 0.000298256
      1700 0.000329979
      1800 0.000362934
      1900 0.000397099
      2000 0.000432455
      2100 0.000468984
      2200 0.000506672
      2300 0.000545503
      2400 0.000585465
      2500 0.000626546
      2600 0.000668735
      2700 0.000712022
      2800 0.000756398
      2900 0.000801855
      3000 0.000848384
