       300 2.46906e-05
       400 4.23089e-05
       500 6.35215e-05
       600 8.79679e-05
       700 0.000115384
       800 0.000145567
       900 0.000178358
      1000 0.000213628
      1100 0.000251272
      1200  0.0002912
      1300 0.000333337
      1400 0.000377618
      1500 0.000423986
      1600 0.000472394
      1700 0.000522797
      1800 0.000575156
      1900 0.000629439
      2000 0.000685614
      2100 0.000743653
      2200 0.000803531
      2300 0.000865227
      2400 0.000928719
      2500 0.000993989
      2600 0.00106102
      2700 0.00112979
      2800  0.0012003
      2900 0.00127252
      3000 0.00134645
