       300 1.65989e-05
       400 2.90481e-05
       500 4.42177e-05
       600 6.18342e-05
       700 8.16933e-05
       800 0.000103637
       900 0.00012754
      1000  0.0001533
      1100 0.000180832
      1200 0.000210067
      1300 0.000240944
      1400 0.000273411
      1500 0.000307423
      1600 0.000342942
      1700 0.000379931
      1800 0.000418361
      1900 0.000458205
      2000 0.000499437
      2100 0.000542036
      2200 0.000585982
      2300 0.000631256
      2400 0.000677843
      2500 0.000725727
      2600 0.000774895
      2700 0.000825334
      2800 0.000877032
      2900 0.000929979
      3000 0.000984166
