       300 1.0118e-05
       400 1.83049e-05
       500 2.86738e-05
       600 4.10849e-05
       700 5.54143e-05
       800 7.15525e-05
       900 8.94023e-05
      1000 0.000108877
      1100 0.000129898
      1200 0.000152395
      1300 0.000176304
      1400 0.000201565
      1500 0.000228127
      1600 0.000255937
      1700 0.000284952
      1800 0.000315128
      1900 0.000346426
      2000 0.000378808
      2100 0.000412241
      2200 0.000446691
      2300 0.000482129
      2400 0.000518524
      2500 0.000555851
      2600 0.000594084
      2700 0.000633197
      2800 0.000673169
      2900 0.000713977
      3000 0.000755599
