       300 2.25481e-05
       400 3.72838e-05
       500 5.47548e-05
       600 7.47142e-05
       700 9.69815e-05
       800 0.000121418
       900 0.000147915
      1000 0.000176382
      1100 0.000206744
      1200 0.000238938
      1300 0.000272909
      1400 0.00030861
      1500   0.000346
      1600 0.000385042
      1700 0.000425702
      1800 0.000467952
      1900 0.000511764
      2000 0.000557115
      2100 0.000603983
      2200 0.000652347
      2300 0.000702189
      2400 0.000753492
      2500 0.000806239
      2600 0.000860418
      2700 0.000916012
      2800 0.000973012
      2900  0.0010314
      3000 0.00109118
