       300 3.38533e-05
       400 5.60481e-05
       500 8.23754e-05
       600 0.00011246
       700 0.000146028
       800 0.000182868
       900 0.000222816
      1000 0.000265734
      1100 0.000311508
      1200 0.000360044
      1300 0.000411258
      1400 0.00046508
      1500 0.000521445
      1600 0.000580299
      1700 0.000641591
      1800 0.000705278
      1900 0.000771319
      2000 0.000839677
      2100 0.000910319
      2200 0.000983216
      2300 0.00105834
      2400 0.00113566
      2500 0.00121516
      2600 0.00129681
      2700  0.0013806
      2800 0.00146651
      2900 0.00155451
      3000 0.00164459
