       300 2.21903e-05
       400 3.71983e-05
       500 5.50891e-05
       600 7.55885e-05
       700 9.84964e-05
       800 0.00012366
       900 0.000150958
      1000 0.000180291
      1100 0.00021158
      1200 0.000244754
      1300 0.000279756
      1400 0.000316534
      1500 0.000355044
      1600 0.000395247
      1700 0.000437108
      1800 0.000480596
      1900 0.000525684
      2000 0.000572347
      2100 0.000620561
      2200 0.000670306
      2300 0.000721563
      2400 0.000774315
      2500 0.000828545
      2600 0.00088424
      2700 0.000941384
      2800 0.000999967
      2900 0.00105998
      3000  0.0011214
