       300 2.25992e-05
       400 3.77314e-05
       500 5.57404e-05
       600 7.63563e-05
       700 9.93822e-05
       800 0.000124667
       900 0.000152092
      1000 0.00018156
      1100 0.00021299
      1200 0.000246314
      1300 0.000281474
      1400 0.00031842
      1500 0.000357106
      1600 0.000397495
      1700 0.000439552
      1800 0.000483246
      1900 0.000528549
      2000 0.000575436
      2100 0.000623883
      2200 0.000673871
      2300 0.00072538
      2400 0.000778392
      2500 0.000832892
      2600 0.000888864
      2700 0.000946295
      2800 0.00100517
      2900 0.00106548
      3000 0.00112722
