       300 2.34665e-05
       400 4.00291e-05
       500 5.99263e-05
       600 8.28264e-05
       700 0.000108486
       800 0.00013672
       900 0.000167382
      1000 0.000200354
      1100 0.000235537
      1200 0.000272851
      1300 0.000312226
      1400 0.000353601
      1500 0.000396925
      1600 0.000442153
      1700 0.000489244
      1800 0.000538163
      1900 0.000588879
      2000 0.000641361
      2100 0.000695586
      2200 0.00075153
      2300 0.000809172
      2400 0.000868492
      2500 0.000929472
      2600 0.000992098
      2700 0.00105635
      2800 0.00112223
      2900  0.0011897
      3000 0.00125877
