       300 9.03379e-06
       400 1.62502e-05
       500 2.52706e-05
       600 3.59467e-05
       700 4.81574e-05
       800 6.18024e-05
       900 7.67973e-05
      1000 9.30699e-05
      1100 0.000110558
      1200 0.000129207
      1300 0.000148969
      1400 0.000169801
      1500 0.000191665
      1600 0.000214527
      1700 0.000238356
      1800 0.000263123
      1900 0.000288802
      2000 0.000315369
      2100 0.000342803
      2200 0.000371083
      2300 0.00040019
      2400 0.000430106
      2500 0.000460816
      2600 0.000492303
      2700 0.000524554
      2800 0.000557555
      2900 0.000591293
      3000 0.000625756
