       300 9.34579e-06
       400 1.65503e-05
       500 2.54058e-05
       600 3.57524e-05
       700 4.74678e-05
       800 6.04557e-05
       900 7.46388e-05
      1000 8.99535e-05
      1100 0.000106347
      1200 0.000123773
      1300 0.000142194
      1400 0.000161577
      1500 0.000181891
      1600 0.000203112
      1700 0.000225217
      1800 0.000248185
      1900 0.000271998
      2000 0.000296639
      2100 0.000322094
      2200 0.000348348
      2300 0.000375391
      2400 0.00040321
      2500 0.000431794
      2600 0.000461135
      2700 0.000491224
      2800 0.000522052
      2900 0.000553611
      3000 0.000585896
