       300 1.30754e-05
       400 2.25334e-05
       500 3.39544e-05
       600 4.71402e-05
       700 6.1945e-05
       800 7.82572e-05
       900 9.59888e-05
      1000 0.000115069
      1100 0.000135438
      1200 0.000157048
      1300 0.000179857
      1400 0.000203829
      1500 0.000228933
      1600 0.000255143
      1700 0.000282433
      1800 0.000310784
      1900 0.000340177
      2000 0.000370594
      2100 0.00040202
      2200 0.000434443
      2300 0.000467849
      2400 0.000502228
      2500 0.000537568
      2600 0.000573862
      2700 0.000611099
      2800 0.000649273
      2900 0.000688377
      3000 0.000728403
