       300 7.5978e-06
       400 1.36788e-05
       500  2.129e-05
       600 3.03081e-05
       700 4.06317e-05
       800 5.21764e-05
       900 6.48706e-05
      1000 7.8653e-05
      1100 9.34706e-05
      1200 0.000109277
      1300 0.00012603
      1400 0.000143695
      1500 0.000162237
      1600 0.000181628
      1700 0.000201839
      1800 0.000222848
      1900 0.00024463
      2000 0.000267166
      2100 0.000290436
      2200 0.000314423
      2300 0.000339109
      2400 0.00036448
      2500 0.000390522
      2600 0.00041722
      2700 0.000444562
      2800 0.000472537
      2900 0.000501132
      3000 0.000530338
