       300 2.23631e-05
       400 3.81469e-05
       500 5.71086e-05
       600 7.89319e-05
       700 0.000103385
       800 0.000130292
       900 0.000159512
      1000 0.000190933
      1100 0.000224462
      1200 0.000260021
      1300 0.000297544
      1400 0.000336974
      1500 0.000378261
      1600 0.000421362
      1700 0.000466239
      1800 0.000512858
      1900 0.000561189
      2000 0.000611204
      2100 0.000662879
      2200 0.000716193
      2300 0.000771124
      2400 0.000827654
      2500 0.000885768
      2600 0.000945449
      2700 0.00100668
      2800 0.00106946
      2900 0.00113376
      3000 0.00119959
