       300 2.29069e-05
       400 3.90745e-05
       500 5.84973e-05
       600 8.08513e-05
       700 0.000105899
       800 0.00013346
       900 0.000163391
      1000 0.000195576
      1100 0.000229921
      1200 0.000266345
      1300 0.00030478
      1400 0.000345169
      1500 0.00038746
      1600 0.000431609
      1700 0.000477578
      1800 0.00052533
      1900 0.000574836
      2000 0.000626068
      2100 0.000678999
      2200 0.000733609
      2300 0.000789876
      2400 0.000847781
      2500 0.000907308
      2600 0.000968441
      2700 0.00103116
      2800 0.00109547
      2900 0.00116133
      3000 0.00122876
