       300 2.12368e-05
       400 3.62256e-05
       500 5.42322e-05
       600 7.49564e-05
       700 9.81781e-05
       800 0.000123729
       900 0.000151478
      1000 0.000181317
      1100 0.000213157
      1200 0.000246925
      1300 0.000282558
      1400 0.000320002
      1500 0.00035921
      1600 0.00040014
      1700 0.000442757
      1800 0.000487028
      1900 0.000532924
      2000 0.00058042
      2100 0.000629493
      2200 0.000680121
      2300 0.000732285
      2400 0.000785969
      2500 0.000841156
      2600 0.000897831
      2700 0.000955981
      2800  0.0010156
      2900 0.00107666
      3000 0.00113917
