       300 7.55371e-06
       400 1.35994e-05
       500 2.11665e-05
       600 3.01322e-05
       700 4.0396e-05
       800 5.18736e-05
       900 6.44941e-05
      1000 7.81966e-05
      1100 9.29281e-05
      1200 0.000108643
      1300 0.000125299
      1400 0.000142861
      1500 0.000161296
      1600 0.000180574
      1700 0.000200668
      1800 0.000221554
      1900 0.00024321
      2000 0.000265616
      2100 0.000288751
      2200 0.000312598
      2300 0.000337141
      2400 0.000362365
      2500 0.000388256
      2600 0.000414799
      2700 0.000441982
      2800 0.000469795
      2900 0.000498224
      3000 0.000527261
