       300 1.0337e-05
       400 1.82141e-05
       500 2.78585e-05
       600 3.90954e-05
       700 5.17927e-05
       800 6.58473e-05
       900 8.1177e-05
      1000 9.77144e-05
      1100 0.000115404
      1200 0.000134197
      1300 0.000154056
      1400 0.000174944
      1500 0.000196831
      1600 0.000219692
      1700 0.000243502
      1800 0.00026824
      1900 0.000293889
      2000 0.000320431
      2100 0.000347851
      2200 0.000376135
      2300 0.000405272
      2400 0.000435249
      2500 0.000466056
      2600 0.000497684
      2700 0.000530125
      2800 0.000563369
      2900 0.000597409
      3000 0.000632239
