       300 2.61425e-05
       400 4.47457e-05
       500 6.71314e-05
       600 9.29209e-05
       700 0.000121836
       800 0.000153666
       900 0.000188243
      1000 0.000225431
      1100 0.000265119
      1200 0.000307214
      1300 0.000351637
      1400 0.00039832
      1500 0.000447203
      1600 0.000498234
      1700 0.000551369
      1800 0.000606567
      1900 0.000663792
      2000 0.000723011
      2100 0.000784196
      2200 0.00084732
      2300 0.00091236
      2400 0.000979293
      2500  0.0010481
      2600 0.00111876
      2700 0.00119127
      2800 0.00126559
      2900 0.00134173
      3000 0.00141967
