       300 1.17965e-05
       400 2.0886e-05
       500 3.20566e-05
       600 4.51065e-05
       700 5.98815e-05
       800 7.62603e-05
       900 9.41454e-05
      1000 0.000113457
      1100 0.000134127
      1200  0.0001561
      1300 0.000179326
      1400 0.000203765
      1500 0.000229378
      1600 0.000256134
      1700 0.000284004
      1800 0.000312962
      1900 0.000342986
      2000 0.000374054
      2100 0.000406148
      2200 0.00043925
      2300 0.000473346
      2400 0.000508421
      2500 0.000544462
      2600 0.000581457
      2700 0.000619395
      2800 0.000658265
      2900 0.000698059
      3000 0.000738767
