       300 1.08453e-05
       400 1.92665e-05
       500 2.96457e-05
       600 4.17966e-05
       700 5.55756e-05
       800 7.08687e-05
       900 8.7584e-05
      1000 0.000105645
      1100 0.000124989
      1200 0.000145561
      1300 0.000167314
      1400 0.000190208
      1500 0.000214207
      1600 0.00023928
      1700 0.000265398
      1800 0.000292538
      1900 0.000320676
      2000 0.000349792
      2100 0.000379868
      2200 0.000410887
      2300 0.000442833
      2400 0.000475692
      2500 0.000509452
      2600  0.0005441
      2700 0.000579625
      2800 0.000616017
      2900 0.000653267
      3000 0.000691365
