       300 1.79919e-05
       400 3.14947e-05
       500 4.7951e-05
       600 6.7064e-05
       700 8.86121e-05
       800 0.000112423
       900 0.000138362
      1000 0.000166317
      1100 0.000196196
      1200 0.000227924
      1300 0.000261434
      1400 0.00029667
      1500 0.000333584
      1600 0.000372132
      1700 0.000412277
      1800 0.000453986
      1900 0.000497228
      2000 0.000541978
      2100 0.000588211
      2200 0.000635906
      2300 0.000685042
      2400 0.000735603
      2500 0.000787571
      2600 0.000840932
      2700 0.000895673
      2800 0.00095178
      2900 0.00100924
      3000 0.00106805
