       300 1.07384e-05
       400 1.90766e-05
       500 2.93535e-05
       600 4.13847e-05
       700 5.50278e-05
       800 7.01702e-05
       900 8.67207e-05
      1000 0.000104604
      1100 0.000123757
      1200 0.000144126
      1300 0.000165665
      1400 0.000188333
      1500 0.000212095
      1600 0.000236921
      1700 0.000262782
      1800 0.000289655
      1900 0.000317515
      2000 0.000346344
      2100 0.000376124
      2200 0.000406837
      2300 0.000438468
      2400 0.000471003
      2500 0.00050443
      2600 0.000538737
      2700 0.000573912
      2800 0.000609945
      2900 0.000646828
      3000 0.00068455
