       300 1.79916e-05
       400 3.14942e-05
       500 4.79502e-05
       600 6.7063e-05
       700 8.86107e-05
       800 0.000112422
       900 0.00013836
      1000 0.000166314
      1100 0.000196193
      1200 0.000227921
      1300 0.00026143
      1400 0.000296666
      1500 0.000333578
      1600 0.000372126
      1700 0.000412271
      1800 0.000453979
      1900 0.000497221
      2000 0.00054197
      2100 0.000588202
      2200 0.000635896
      2300 0.000685032
      2400 0.000735592
      2500 0.000787559
      2600 0.00084092
      2700 0.000895659
      2800 0.000951765
      2900 0.00100923
      3000 0.00106803
