       300 1.48317e-05
       400 2.67843e-05
       500 4.18335e-05
       600 5.97536e-05
       700 8.03528e-05
       800 0.000103467
       900 0.000128953
      1000 0.000156687
      1100 0.000186561
      1200 0.000218476
      1300 0.000252345
      1400 0.000288089
      1500 0.000325638
      1600 0.000364926
      1700 0.000405894
      1800 0.000448486
      1900 0.000492652
      2000 0.000538346
      2100 0.000585523
      2200 0.000634144
      2300 0.000684169
      2400 0.000735563
      2500 0.000788294
      2600 0.000842328
      2700 0.000897637
      2800 0.000954192
      2900 0.00101197
      3000 0.00107094
