       300 1.20943e-05
       400 2.13824e-05
       500 3.27838e-05
       600 4.60921e-05
       700 6.11503e-05
       800 7.78351e-05
       900 9.60477e-05
      1000 0.000115707
      1100 0.000136745
      1200 0.000159105
      1300 0.000182738
      1400 0.000207601
      1500 0.000233658
      1600 0.000260876
      1700 0.000289227
      1800 0.000318684
      1900 0.000349224
      2000 0.000380828
      2100 0.000413475
      2200 0.00044715
      2300 0.000481837
      2400 0.000517521
      2500 0.00055419
      2600 0.000591832
      2700 0.000630435
      2800 0.00066999
      2900 0.000710487
      3000 0.000751917
