       300 8.75598e-06
       400 1.57907e-05
       500 2.4622e-05
       600 3.51118e-05
       700 4.71448e-05
       800 6.06236e-05
       900 7.54649e-05
      1000 9.15966e-05
      1100 0.000108956
      1200 0.000127487
      1300 0.00014714
      1400 0.000167871
      1500 0.000189641
      1600 0.000212412
      1700 0.000236151
      1800 0.000260829
      1900 0.000286418
      2000 0.000312891
      2100 0.000340225
      2200 0.000368398
      2300 0.000397389
      2400 0.000427178
      2500 0.000457748
      2600 0.000489082
      2700 0.000521163
      2800 0.000553976
      2900 0.000587507
      3000 0.000621743
