       300 1.59529e-05
       400 2.70713e-05
       500 4.03961e-05
       600  5.571e-05
       700 7.28542e-05
       800 9.17075e-05
       900 0.000112174
      1000 0.000134177
      1100 0.000157652
      1200 0.000182545
      1300 0.000208811
      1400 0.000236411
      1500 0.00026531
      1600 0.000295478
      1700 0.000326888
      1800 0.000359518
      1900 0.000393346
      2000 0.000428353
      2100 0.000464523
      2200 0.000501839
      2300 0.000540287
      2400 0.000579856
      2500 0.000620532
      2600 0.000662306
      2700 0.000705166
      2800 0.000749105
      2900 0.000794114
      3000 0.000840185
