       300 1.05498e-05
       400 1.8705e-05
       500 2.87393e-05
       600 4.04717e-05
       700 5.37635e-05
       800 6.85054e-05
       900 8.46091e-05
      1000 0.000102002
      1100 0.000120623
      1200 0.000140421
      1300 0.000161352
      1400 0.000183377
      1500 0.000206463
      1600 0.00023058
      1700 0.000255701
      1800 0.000281804
      1900 0.000308868
      2000 0.000336872
      2100  0.0003658
      2200 0.000395637
      2300 0.000426368
      2400 0.00045798
      2500 0.00049046
      2600 0.000523799
      2700 0.000557985
      2800 0.000593008
      2900 0.000628861
      3000 0.000665535
