       300 1.54124e-05
       400 2.65698e-05
       500 4.00452e-05
       600 5.56046e-05
       700 7.30757e-05
       800 9.23266e-05
       900 0.000113253
      1000 0.000135772
      1100 0.000159813
      1200 0.000185318
      1300 0.000212239
      1400 0.000240533
      1500 0.000270163
      1600 0.000301098
      1700 0.000333309
      1800 0.000366772
      1900 0.000401464
      2000 0.000437365
      2100 0.000474458
      2200 0.000512727
      2300 0.000552156
      2400 0.000592733
      2500 0.000634445
      2600 0.000677282
      2700 0.000721234
      2800 0.00076629
      2900 0.000812444
      3000 0.000859686
