       300 7.80463e-06
       400 1.39216e-05
       500 2.14902e-05
       600 3.03764e-05
       700 4.04757e-05
       800 5.17041e-05
       900 6.39933e-05
      1000 7.72864e-05
      1100 9.15351e-05
      1200 0.000106698
      1300 0.000122741
      1400 0.000139631
      1500 0.000157341
      1600 0.000175847
      1700 0.000195128
      1800 0.000215163
      1900 0.000235936
      2000 0.000257429
      2100 0.000279629
      2200 0.000302522
      2300 0.000326096
      2400 0.000350339
      2500 0.000375241
      2600 0.000400793
      2700 0.000426985
      2800 0.000453809
      2900 0.000481257
      3000 0.000509322
