       300 9.17234e-05
       400 0.000159535
       500 0.000241846
       600 0.00033719
       700 0.000444481
       800 0.000562881
       900 0.000691729
      1000 0.000830489
      1100 0.000978719
      1200 0.00113605
      1300 0.00130216
      1400 0.00147679
      1500  0.0016597
      1600 0.00185069
      1700 0.00204957
      1800 0.00225619
      1900  0.0024704
      2000 0.00269209
      2100 0.00292113
      2200 0.00315742
      2300 0.00340086
      2400 0.00365139
      2500 0.00390891
      2600 0.00417335
      2700 0.00444466
      2800 0.00472277
      2900 0.00500763
      3000 0.00529919
