       300 2.25066e-05
       400 3.83739e-05
       500 5.74316e-05
       600 7.93626e-05
       700 0.000103935
       800 0.00013097
       900 0.00016033
      1000  0.0001919
      1100 0.000225587
      1200 0.000261314
      1300 0.000299013
      1400 0.000338628
      1500 0.000380109
      1600 0.000423412
      1700 0.000468499
      1800 0.000515337
      1900 0.000563894
      2000 0.000614143
      2100 0.000666061
      2200 0.000719624
      2300 0.000774812
      2400 0.000831608
      2500 0.000889994
      2600 0.000949955
      2700 0.00101148
      2800 0.00107455
      2900 0.00113915
      3000 0.00120528
