       300 1.07902e-05
       400 1.91686e-05
       500 2.94951e-05
       600 4.15843e-05
       700 5.52932e-05
       800 7.05087e-05
       900 8.7139e-05
      1000 0.000105109
      1100 0.000124354
      1200 0.000144821
      1300 0.000166464
      1400 0.000189241
      1500 0.000213118
      1600 0.000238064
      1700 0.00026405
      1800 0.000291052
      1900 0.000319047
      2000 0.000348015
      2100 0.000377938
      2200 0.000408799
      2300 0.000440583
      2400 0.000473275
      2500 0.000506863
      2600 0.000541335
      2700 0.00057668
      2800 0.000612887
      2900 0.000649948
      3000 0.000687852
