       300 1.71518e-05
       400 2.98246e-05
       500 4.5205e-05
       600 6.30191e-05
       700 8.30638e-05
       800 0.000105183
       900 0.000129253
      1000 0.000155174
      1100 0.000182864
      1200 0.000212253
      1300 0.000243282
      1400 0.000275902
      1500 0.000310069
      1600 0.000345744
      1700 0.000382894
      1800 0.000421489
      1900 0.000461502
      2000 0.000502911
      2100 0.000545694
      2200 0.000589832
      2300 0.000635306
      2400 0.000682102
      2500 0.000730205
      2600 0.000779602
      2700 0.000830281
      2800 0.000882231
      2900 0.000935442
      3000 0.000989904
