       300 3.34349e-05
       400 5.53353e-05
       500 8.13098e-05
       600 0.000110989
       700 0.000144103
       800 0.000180446
       900 0.000219852
      1000 0.000262189
      1100 0.000307344
      1200 0.000355223
      1300 0.000405745
      1400 0.000458838
      1500 0.000514442
      1600 0.000572501
      1700 0.000632966
      1800 0.000695793
      1900 0.000760943
      2000 0.00082838
      2100 0.000898071
      2200 0.000969986
      2300  0.0010441
      2400 0.00112038
      2500 0.00119881
      2600 0.00127937
      2700 0.00136203
      2800 0.00144678
      2900 0.00153359
      3000 0.00162247
