       300 3.39423e-05
       400 5.6175e-05
       500 8.25437e-05
       600 0.000112673
       700 0.00014629
       800 0.000183184
       900 0.000223189
      1000 0.000266168
      1100 0.000312008
      1200 0.000360614
      1300 0.000411902
      1400 0.000465801
      1500 0.000522249
      1600 0.000581189
      1700 0.000642571
      1800 0.000706352
      1900 0.000772491
      2000 0.000840951
      2100 0.000911699
      2200 0.000984706
      2300 0.00105994
      2400 0.00113738
      2500   0.001217
      2600 0.00129878
      2700  0.0013827
      2800 0.00146873
      2900 0.00155687
      3000 0.00164709
