       300 0.000113169
       400 0.000189924
       500 0.000281467
       600 0.000386386
       700 0.00050365
       800 0.000632472
       900 0.000772228
      1000 0.000922413
      1100 0.00108261
      1200 0.00125246
      1300 0.00143167
      1400 0.00161997
      1500 0.00181713
      1600 0.00202297
      1700 0.00223729
      1800 0.00245994
      1900 0.00269077
      2000 0.00292967
      2100 0.00317651
      2200 0.00343118
      2300 0.00369359
      2400 0.00396365
      2500 0.00424128
      2600 0.00452641
      2700 0.00481896
      2800 0.00511886
      2900 0.00542607
      3000 0.00574052
