       300 3.49992e-05
       400 5.79243e-05
       500 8.51141e-05
       600 0.000116182
       700 0.000150845
       800 0.000188888
       900 0.000230139
      1000 0.000274456
      1100 0.000321724
      1200 0.000371843
      1300 0.000424728
      1400 0.000480306
      1500 0.000538511
      1600 0.000599286
      1700 0.00066258
      1800 0.000728347
      1900 0.000796546
      2000 0.000867138
      2100 0.000940089
      2200 0.00101537
      2300 0.00109295
      2400  0.0011728
      2500  0.0012549
      2600 0.00133922
      2700 0.00142575
      2800 0.00151447
      2900 0.00160535
      3000 0.00169838
