       300 1.26568e-05
       400 2.16475e-05
       500 3.24623e-05
       600 4.49187e-05
       700 5.88832e-05
       800 7.42535e-05
       900 9.09492e-05
      1000 0.000108905
      1100 0.000128068
      1200 0.000148392
      1300 0.00016984
      1400 0.000192378
      1500 0.000215979
      1600 0.000240617
      1700 0.00026627
      1800 0.00029292
      1900 0.000320547
      2000 0.000349138
      2100 0.000378678
      2200 0.000409154
      2300 0.000440555
      2400 0.00047287
      2500 0.00050609
      2600 0.000540206
      2700 0.00057521
      2800 0.000611095
      2900 0.000647854
      3000 0.00068548
