       300 1.63446e-05
       400 2.85506e-05
       500 4.34062e-05
       600 6.06443e-05
       700 8.00659e-05
       800 0.000101517
       900 0.000124877
      1000 0.000150045
      1100 0.000176942
      1200 0.000205497
      1300 0.000235652
      1400 0.000267359
      1500 0.000300573
      1600 0.000335256
      1700 0.000371375
      1800  0.0004089
      1900 0.000447805
      2000 0.000488066
      2100 0.000529662
      2200 0.000572574
      2300 0.000616784
      2400 0.000662277
      2500 0.000709038
      2600 0.000757054
      2700 0.000806313
      2800 0.000856804
      2900 0.000908517
      3000 0.000961442
