       300 1.80216e-05
       400 3.05745e-05
       500 4.56169e-05
       600 6.29036e-05
       700 8.22557e-05
       800 0.000103537
       900 0.000126638
      1000 0.000151473
      1100 0.00017797
      1200 0.000206067
      1300 0.000235714
      1400 0.000266866
      1500 0.000299484
      1600 0.000333535
      1700 0.000368988
      1800 0.000405818
      1900   0.000444
      2000 0.000483513
      2100 0.000524338
      2200 0.000566457
      2300 0.000609854
      2400 0.000654515
      2500 0.000700427
      2600 0.000747577
      2700 0.000795955
      2800 0.000845549
      2900 0.000896351
      3000 0.000948351
