       300 2.33871e-05
       400 3.92224e-05
       500 5.81031e-05
       600 7.9739e-05
       700 0.000103918
       800 0.00013048
       900 0.000159294
      1000 0.000190259
      1100 0.000223286
      1200 0.000258305
      1300 0.000295252
      1400 0.000334075
      1500 0.000374725
      1600 0.000417163
      1700 0.00046135
      1800 0.000507256
      1900 0.000554849
      2000 0.000604104
      2100 0.000654997
      2200 0.000707506
      2300 0.000761611
      2400 0.000817293
      2500 0.000874536
      2600 0.000933324
      2700 0.000993643
      2800 0.00105548
      2900 0.00111882
      3000 0.00118366
