       300 1.26962e-05
       400 2.17149e-05
       500 3.25634e-05
       600 4.50587e-05
       700 5.90666e-05
       800 7.44848e-05
       900 9.12325e-05
      1000 0.000109244
      1100 0.000128467
      1200 0.000148854
      1300 0.000170369
      1400 0.000192978
      1500 0.000216652
      1600 0.000241367
      1700  0.0002671
      1800 0.000293832
      1900 0.000321546
      2000 0.000350226
      2100 0.000379858
      2200 0.000410428
      2300 0.000441927
      2400 0.000474343
      2500 0.000507666
      2600 0.000541889
      2700 0.000577002
      2800 0.000612999
      2900 0.000649872
      3000 0.000687616
