       300 1.61676e-05
       400 2.84086e-05
       500 4.33659e-05
       600 6.07686e-05
       700 8.0413e-05
       800 0.000102141
       900 0.000125826
      1000 0.000151367
      1100 0.000178677
      1200 0.000207684
      1300 0.000238329
      1400 0.000270558
      1500 0.000304325
      1600 0.000339591
      1700 0.00037632
      1800 0.000414481
      1900 0.000454045
      2000 0.000494988
      2100 0.000537286
      2200 0.00058092
      2300 0.000625871
      2400 0.000672121
      2500 0.000719655
      2600 0.00076846
      2700 0.000818521
      2800 0.000869827
      2900 0.000922368
      3000 0.000976132
