       300 3.03429e-05
       400 5.01087e-05
       500 7.35327e-05
       600 0.000100286
       700 0.00013013
       800 0.000162879
       900 0.000198387
      1000 0.000236535
      1100 0.000277224
      1200 0.000320368
      1300 0.000365896
      1400 0.000413743
      1500 0.000463855
      1600 0.000516182
      1700 0.00057068
      1800 0.00062731
      1900 0.000686036
      2000 0.000746826
      2100 0.00080965
      2200 0.000874481
      2300 0.000941295
      2400 0.00101007
      2500 0.00108078
      2600 0.00115341
      2700 0.00122794
      2800 0.00130436
      2900 0.00138264
      3000 0.00146277
