       300 1.17652e-05
       400 1.97317e-05
       500 2.92305e-05
       600 4.01155e-05
       700 5.22801e-05
       800 6.5643e-05
       900 8.01397e-05
      1000 9.57178e-05
      1100 0.000112334
      1200 0.000129952
      1300 0.00014854
      1400 0.000168072
      1500 0.000188523
      1600 0.000209873
      1700 0.000232104
      1800 0.000255199
      1900 0.000279143
      2000 0.000303924
      2100 0.000329528
      2200 0.000355945
      2300 0.000383165
      2400 0.000411179
      2500 0.000439977
      2600 0.000469554
      2700  0.0004999
      2800 0.00053101
      2900 0.000562877
      3000 0.000595496
