       300 1.70977e-05
       400 2.8498e-05
       500 4.20565e-05
       600 5.75719e-05
       700 7.48973e-05
       800 9.39203e-05
       900 0.000114552
      1000 0.000136719
      1100 0.000160363
      1200 0.000185431
      1300 0.000211881
      1400 0.000239674
      1500 0.000268778
      1600 0.000299163
      1700 0.000330804
      1800 0.000363677
      1900 0.000397761
      2000 0.000433037
      2100 0.000469489
      2200  0.0005071
      2300 0.000545856
      2400 0.000585744
      2500 0.000626752
      2600 0.000668868
      2700 0.000712082
      2800 0.000756385
      2900 0.000801768
      3000 0.000848221
