       300 1.57253e-05
       400 2.68562e-05
       500 4.02358e-05
       600 5.56399e-05
       700 7.29041e-05
       800 9.19029e-05
       900 0.000112537
      1000 0.000134728
      1100 0.000158408
      1200 0.000183522
      1300 0.000210025
      1400 0.000237874
      1500 0.000267035
      1600 0.000297478
      1700 0.000329175
      1800 0.000362103
      1900 0.00039624
      2000 0.000431566
      2100 0.000468065
      2200 0.000505721
      2300 0.00054452
      2400 0.000584448
      2500 0.000625495
      2600 0.000667649
      2700  0.0007109
      2800 0.000755239
      2900 0.000800658
      3000 0.000847149
