       300 1.67698e-05
       400 2.79515e-05
       500 4.12499e-05
       600 5.64678e-05
       700 7.34609e-05
       800 9.21191e-05
       900 0.000112355
      1000 0.000134097
      1100 0.000157287
      1200 0.000181875
      1300 0.000207817
      1400 0.000235078
      1500 0.000263623
      1600 0.000293426
      1700 0.00032446
      1800 0.000356702
      1900 0.000390132
      2000 0.000424732
      2100 0.000460485
      2200 0.000497374
      2300 0.000535387
      2400 0.00057451
      2500 0.000614731
      2600 0.00065604
      2700 0.000698426
      2800 0.000741879
      2900 0.000786391
      3000 0.000831953
