       300 2.30558e-05
       400 3.81233e-05
       500 5.59878e-05
       600 7.63966e-05
       700 9.91653e-05
       800 0.000124153
       900 0.000151246
      1000 0.000180353
      1100 0.000211399
      1200 0.000244318
      1300 0.000279054
      1400 0.000315559
      1500 0.000353791
      1600 0.000393712
      1700 0.000435288
      1800 0.000478489
      1900 0.000523288
      2000 0.00056966
      2100 0.000617583
      2200 0.000667036
      2300   0.000718
      2400 0.000770458
      2500 0.000824394
      2600 0.000879792
      2700 0.000936639
      2800 0.000994921
      2900 0.00105463
      3000 0.00111575
