       300 2.51668e-05
       400 4.1647e-05
       500 6.11922e-05
       600 8.35245e-05
       700 0.000108441
       800 0.000135787
       900 0.000165438
      1000 0.000197294
      1100 0.000231271
      1200 0.000267297
      1300 0.000305312
      1400 0.000345262
      1500 0.000387101
      1600 0.000430787
      1700 0.000476284
      1800 0.000523559
      1900 0.000572582
      2000 0.000623325
      2100 0.000675764
      2200 0.000729877
      2300 0.000785643
      2400 0.000843043
      2500 0.000902059
      2600 0.000962674
      2700 0.00102487
      2800 0.00108865
      2900 0.00115397
      3000 0.00122085
