       300 0.000118621
       400 0.000196169
       500 0.000288117
       600 0.000393162
       700 0.000510357
       800 0.000638971
       900 0.000778425
      1000 0.000928249
      1100 0.00108805
      1200 0.00125749
      1300 0.00143628
      1400 0.00162418
      1500 0.00182096
      1600 0.00202644
      1700 0.00224044
      1800  0.0024628
      1900 0.00269338
      2000 0.00293207
      2100 0.00317873
      2200 0.00343327
      2300 0.00369558
      2400 0.00396559
      2500 0.00424319
      2600 0.00452833
      2700 0.00482092
      2800  0.0051209
      2900 0.00542821
      3000 0.00574279
