       300 1.56599e-05
       400 2.68989e-05
       500 4.04471e-05
       600 5.60723e-05
       700 7.36038e-05
       800 9.29111e-05
       900 0.000113891
      1000 0.000136462
      1100 0.000160553
      1200 0.000186109
      1300 0.00021308
      1400 0.000241424
      1500 0.000271106
      1600 0.000302093
      1700 0.000334358
      1800 0.000367877
      1900 0.000402626
      2000 0.000438586
      2100 0.00047574
      2200 0.000514072
      2300 0.000553567
      2400 0.000594211
      2500 0.000635993
      2600 0.000678902
      2700 0.000722928
      2800 0.000768062
      2900 0.000814294
      3000 0.000861618
