       300 3.2956e-05
       400 5.39669e-05
       500 7.87977e-05
       600 0.00010712
       700 0.000138694
       800 0.000173333
       900 0.000210891
      1000 0.000251244
      1100 0.000294292
      1200 0.000339948
      1300 0.000388136
      1400 0.000438791
      1500 0.000491855
      1600 0.000547276
      1700 0.000605009
      1800 0.000665012
      1900 0.000727247
      2000 0.000791679
      2100 0.000858277
      2200 0.000927012
      2300 0.000997856
      2400 0.00107079
      2500 0.00114578
      2600 0.00122281
      2700 0.00130186
      2800 0.00138292
      2900 0.00146596
      3000 0.00155096
