       300 1.50057e-05
       400 2.53191e-05
       500 3.76476e-05
       600 5.17958e-05
       700 6.7621e-05
       800 8.5014e-05
       900 0.000103889
      1000 0.000124176
      1100 0.000145816
      1200 0.000168763
      1300 0.000192974
      1400 0.000218413
      1500 0.000245049
      1600 0.000272856
      1700 0.000301808
      1800 0.000331884
      1900 0.000363066
      2000 0.000395335
      2100 0.000428675
      2200 0.000463073
      2300 0.000498516
      2400 0.00053499
      2500 0.000572487
      2600 0.000610995
      2700 0.000650505
      2800 0.00069101
      2900  0.0007325
      3000 0.000774968
