       300 1.67802e-05
       400 2.81613e-05
       500 4.1735e-05
       600 5.7292e-05
       700 7.46794e-05
       800 9.37806e-05
       900 0.000114503
      1000 0.000136772
      1100 0.000160525
      1200 0.00018571
      1300 0.000212282
      1400 0.000240203
      1500 0.000269438
      1600 0.000299958
      1700 0.000331737
      1800 0.00036475
      1900 0.000398978
      2000 0.000434401
      2100 0.000471001
      2200 0.000508763
      2300 0.000547672
      2400 0.000587716
      2500 0.000628882
      2600 0.000671159
      2700 0.000714537
      2800 0.000759007
      2900 0.000804558
      3000 0.000851184
