       300 1.15041e-05
       400 1.94435e-05
       500 2.89413e-05
       600 3.98455e-05
       700 5.20452e-05
       800 6.54557e-05
       900 8.00102e-05
      1000 9.56543e-05
      1100 0.000112343
      1200 0.00013004
      1300 0.000148711
      1400 0.00016833
      1500 0.000188872
      1600 0.000210317
      1700 0.000232645
      1800 0.00025584
      1900 0.000279887
      2000 0.000304772
      2100 0.000330484
      2200 0.000357011
      2300 0.000384343
      2400 0.000412472
      2500 0.000441388
      2600 0.000471084
      2700 0.000501553
      2800 0.000532789
      2900 0.000564785
      3000 0.000597535
