       300 1.57331e-05
       400 2.69846e-05
       500 4.05377e-05
       600 5.61613e-05
       700 7.36857e-05
       800 9.29815e-05
       900 0.000113946
      1000 0.000136497
      1100 0.000160567
      1200 0.000186098
      1300 0.000213042
      1400 0.000241358
      1500 0.000271008
      1600 0.000301963
      1700 0.000334194
      1800 0.000367676
      1900 0.000402388
      2000 0.00043831
      2100 0.000475424
      2200 0.000513715
      2300 0.000553167
      2400 0.000593768
      2500 0.000635506
      2600 0.000678369
      2700 0.000722348
      2800 0.000767434
      2900 0.000813618
      3000 0.000860891
