       300 1.5826e-05
       400 2.7315e-05
       500 4.11999e-05
       600 5.72384e-05
       700 7.52522e-05
       800 9.51048e-05
       900 0.000116688
      1000 0.000139916
      1100 0.000164715
      1200 0.000191027
      1300  0.0002188
      1400 0.00024799
      1500 0.000278559
      1600 0.000310475
      1700 0.000343708
      1800 0.000378232
      1900 0.000414025
      2000 0.000451065
      2100 0.000489335
      2200 0.000528817
      2300 0.000569497
      2400 0.000611361
      2500 0.000654396
      2600 0.000698592
      2700 0.000743936
      2800 0.000790421
      2900 0.000838037
      3000 0.000886776
