       300 1.57852e-05
       400 2.65702e-05
       500 3.94493e-05
       600 5.42207e-05
       700 7.0737e-05
       800 8.88858e-05
       900 0.000108578
      1000 0.000129742
      1100 0.000152317
      1200 0.000176254
      1300 0.000201509
      1400 0.000228045
      1500 0.000255831
      1600 0.000284837
      1700 0.000315039
      1800 0.000346415
      1900 0.000378943
      2000 0.000412606
      2100 0.000447387
      2200 0.000483272
      2300 0.000520247
      2400 0.000558299
      2500 0.000597417
      2600 0.000637591
      2700 0.00067881
      2800 0.000721067
      2900 0.000764351
      3000 0.000808657
