       300 1.35352e-05
       400 2.32511e-05
       500 3.49638e-05
       600 4.84724e-05
       700 6.36293e-05
       800 8.03217e-05
       900 9.84606e-05
      1000 0.000117974
      1100 0.000138803
      1200 0.000160898
      1300 0.000184217
      1400 0.000208723
      1500 0.000234385
      1600 0.000261177
      1700 0.000289073
      1800 0.000318052
      1900 0.000348096
      2000 0.000379187
      2100 0.000411309
      2200 0.00044445
      2300 0.000478597
      2400 0.000513738
      2500 0.000549862
      2600 0.000586961
      2700 0.000625025
      2800 0.000664047
      2900 0.000704019
      3000 0.000744934
