       300 2.06066e-05
       400 3.39967e-05
       500 4.98593e-05
       600 6.79734e-05
       700 8.81775e-05
       800 0.000110348
       900 0.000134386
      1000 0.000160211
      1100 0.000187756
      1200 0.000216964
      1300 0.000247785
      1400 0.000280179
      1500 0.000314106
      1600 0.000349533
      1700 0.000386431
      1800 0.000424774
      1900 0.000464536
      2000 0.000505697
      2100 0.000548236
      2200 0.000592135
      2300 0.000637377
      2400 0.000683946
      2500 0.000731829
      2600 0.000781011
      2700 0.000831481
      2800 0.000883227
      2900 0.000936237
      3000 0.000990503
