       300 2.0593e-05
       400 3.3799e-05
       500 4.94164e-05
       600 6.72351e-05
       700 8.71017e-05
       800 0.000108898
       900 0.000132529
      1000 0.000157919
      1100 0.000185002
      1200 0.000213723
      1300 0.000244036
      1400 0.000275898
      1500 0.000309274
      1600 0.00034413
      1700 0.000380437
      1800 0.000418171
      1900 0.000457306
      2000 0.000497821
      2100 0.000539697
      2200 0.000582915
      2300 0.000627459
      2400 0.000673313
      2500 0.000720462
      2600 0.000768895
      2700 0.000818597
      2800 0.000869558
      2900 0.000921766
      3000 0.000975212
