       300 3.35646e-05
       400 5.51877e-05
       500 8.07738e-05
       600 0.000109974
       700 0.000142535
       800 0.000178259
       900 0.000216992
      1000 0.000258605
      1100 0.000302992
      1200 0.000350062
      1300 0.000399737
      1400 0.000451948
      1500 0.000506637
      1600 0.000563749
      1700 0.000623237
      1800 0.000685059
      1900 0.000749174
      2000 0.000815549
      2100 0.00088415
      2200 0.000954949
      2300 0.00102792
      2400 0.00110303
      2500 0.00118026
      2600  0.0012596
      2700 0.00134101
      2800 0.00142448
      2900    0.00151
      3000 0.00159754
