       300 3.25389e-05
       400 5.35013e-05
       500 7.83055e-05
       600 0.000106614
       700 0.000138179
       800 0.000172812
       900 0.000210361
      1000 0.000250702
      1100 0.000293733
      1200 0.000339364
      1300 0.000387521
      1400 0.000438138
      1500 0.000491155
      1600 0.000546522
      1700 0.000604192
      1800 0.000664125
      1900 0.000726281
      2000 0.000790627
      2100 0.000857132
      2200 0.000925767
      2300 0.000996505
      2400 0.00106932
      2500  0.0011442
      2600 0.00122111
      2700 0.00130003
      2800 0.00138095
      2900 0.00146386
      3000 0.00154873
