       300 1.5663e-05
       400 2.64735e-05
       500 3.94062e-05
       600 5.42542e-05
       700 7.08664e-05
       800 8.91273e-05
       900 0.000108946
      1000 0.000130248
      1100 0.000152974
      1200 0.000177071
      1300 0.000202495
      1400 0.00022921
      1500 0.000257183
      1600 0.000286384
      1700 0.000316788
      1800 0.000348372
      1900 0.000381116
      2000 0.000415003
      2100 0.000450014
      2200 0.000486136
      2300 0.000523354
      2400 0.000561656
      2500 0.000601031
      2600 0.000641468
      2700 0.000682958
      2800 0.000725491
      2900 0.00076906
      3000 0.000813656
