       300 1.58033e-05
       400 2.67107e-05
       500 3.97593e-05
       600 5.47403e-05
       700 7.15013e-05
       800 8.99259e-05
       900 0.000109922
      1000 0.000131415
      1100 0.000154344
      1200 0.000178657
      1300 0.00020431
      1400 0.000231264
      1500 0.000259487
      1600 0.00028895
      1700 0.000319626
      1800 0.000351493
      1900 0.000384531
      2000 0.000418721
      2100 0.000454046
      2200 0.000490491
      2300 0.000528043
      2400 0.000566689
      2500 0.000606416
      2600 0.000647216
      2700 0.000689077
      2800 0.000731991
      2900 0.00077595
      3000 0.000820946
