       300 1.13414e-05
       400 1.96803e-05
       500 2.97884e-05
       600 4.14868e-05
       700 5.46429e-05
       800 6.91549e-05
       900 8.49426e-05
      1000 0.000101941
      1100 0.000120096
      1200 0.000139363
      1300 0.000159704
      1400 0.000181086
      1500 0.00020348
      1600 0.000226863
      1700 0.000251212
      1800 0.000276508
      1900 0.000302733
      2000 0.000329873
      2100 0.000357913
      2200 0.000386842
      2300 0.000416647
      2400 0.000447319
      2500 0.000478848
      2600 0.000511226
      2700 0.000544445
      2800 0.000578498
      2900 0.000613378
      3000 0.000649079
