       300 9.33147e-06
       400 1.65507e-05
       500 2.54361e-05
       600 3.58274e-05
       700 4.76019e-05
       800 6.06625e-05
       900 7.4931e-05
      1000 9.0343e-05
      1100 0.000106844
      1200 0.00012439
      1300 0.000142939
      1400 0.000162459
      1500 0.000182919
      1600 0.000204294
      1700 0.000226559
      1800 0.000249694
      1900 0.00027368
      2000  0.0002985
      2100 0.000324139
      2200 0.000350583
      2300 0.000377819
      2400 0.000405835
      2500 0.000434621
      2600 0.000464166
      2700 0.000494462
      2800 0.000525501
      2900 0.000557273
      3000 0.000589772
