       300 1.55298e-05
       400 2.62484e-05
       500 3.90712e-05
       600 5.37929e-05
       700 7.02638e-05
       800 8.83695e-05
       900 0.00010802
      1000 0.000129141
      1100 0.000151673
      1200 0.000175565
      1300 0.000200774
      1400 0.000227262
      1500 0.000254996
      1600 0.000283949
      1700 0.000314094
      1800 0.00034541
      1900 0.000377876
      2000 0.000411474
      2100 0.000446187
      2200 0.000482002
      2300 0.000518904
      2400 0.00055688
      2500 0.000595921
      2600 0.000636014
      2700 0.000677151
      2800 0.000719322
      2900 0.00076252
      3000 0.000806737
