       300 1.11097e-05
       400 1.96766e-05
       500 3.02079e-05
       600 4.25134e-05
       700 5.64477e-05
       800 7.18963e-05
       900 8.87672e-05
      1000 0.000106984
      1100 0.000126485
      1200 0.000147215
      1300 0.000169129
      1400 0.000192186
      1500 0.000216353
      1600 0.000241598
      1700 0.000267894
      1800 0.000295217
      1900 0.000323545
      2000 0.000352859
      2100 0.000383141
      2200 0.000414374
      2300 0.000446544
      2400 0.000479637
      2500 0.000513641
      2600 0.000548545
      2700 0.000584338
      2800 0.00062101
      2900 0.000658553
      3000 0.000696957
