       300 1.58563e-05
       400 2.67278e-05
       500 3.9718e-05
       600 5.46219e-05
       700 7.12899e-05
       800 8.96076e-05
       900 0.000109485
      1000 0.000130848
      1100 0.000153637
      1200  0.0001778
      1300 0.000203295
      1400 0.000230083
      1500 0.000258132
      1600 0.000287413
      1700 0.000317901
      1800 0.000349572
      1900 0.000382408
      2000 0.000416388
      2100 0.000451498
      2200 0.000487721
      2300 0.000525044
      2400 0.000563455
      2500 0.000602941
      2600 0.000643493
      2700  0.0006851
      2800 0.000727754
      2900 0.000771445
      3000 0.000816168
