       300 6.71451e-05
       400 0.000110714
       500 0.000162317
       600 0.000221239
       700 0.000286956
       800 0.000359066
       900 0.00043725
      1000 0.000521247
      1100 0.000610839
      1200 0.000705841
      1300 0.000806093
      1400 0.000911458
      1500 0.00102181
      1600 0.00113705
      1700 0.00125707
      1800  0.0013818
      1900 0.00151114
      2000 0.00164503
      2100 0.00178341
      2200 0.00192621
      2300 0.00207338
      2400 0.00222488
      2500 0.00238064
      2600 0.00254064
      2700 0.00270482
      2800 0.00287316
      2900 0.00304561
      3000 0.00322214
