       300 1.59036e-05
       400 2.65762e-05
       500 3.92826e-05
       600 5.38312e-05
       700 7.00824e-05
       800 8.79293e-05
       900 0.000107287
      1000 0.000128088
      1100 0.000150273
      1200 0.000173796
      1300 0.000198614
      1400 0.000224692
      1500   0.000252
      1600 0.000280508
      1700 0.000310194
      1800 0.000341034
      1900 0.00037301
      2000 0.000406104
      2100 0.000440299
      2200 0.00047558
      2300 0.000511935
      2400 0.000549351
      2500 0.000587816
      2600 0.000627321
      2700 0.000667854
      2800 0.000709408
      2900 0.000751974
      3000 0.000795544
