       300 1.12091e-05
       400 1.94507e-05
       500 2.94409e-05
       600 4.10028e-05
       700 5.40054e-05
       800 6.83482e-05
       900 8.39517e-05
      1000 0.000100752
      1100 0.000118695
      1200 0.000137737
      1300 0.000157841
      1400 0.000178973
      1500 0.000201107
      1600 0.000224217
      1700 0.000248281
      1800 0.000273282
      1900 0.000299202
      2000 0.000326025
      2100 0.000353738
      2200 0.000382329
      2300 0.000411787
      2400 0.000442101
      2500 0.000473262
      2600 0.000505262
      2700 0.000538094
      2800 0.000571749
      2900 0.000606222
      3000 0.000641507
