       300 0.000110968
       400 0.000186324
       500 0.000276217
       600 0.000379257
       700 0.000494429
       800 0.000620957
       900 0.000758229
      1000 0.000905746
      1100  0.0010631
      1200 0.00122993
      1300 0.00140596
      1400 0.00159091
      1500 0.00178458
      1600 0.00198676
      1700 0.00219727
      1800 0.00241597
      1900  0.0026427
      2000 0.00287735
      2100  0.0031198
      2200 0.00336994
      2300 0.00362769
      2400 0.00389294
      2500 0.00416564
      2600 0.00444569
      2700 0.00473303
      2800  0.0050276
      2900 0.00532934
      3000  0.0056382
