       300 8.21742e-05
       400 0.000143156
       500 0.00021725
       600 0.000303131
       700 0.000399814
       800 0.000506543
       900 0.000622717
      1000 0.000747849
      1100 0.000881538
      1200 0.00102345
      1300 0.00117329
      1400 0.00133083
      1500 0.00149584
      1600 0.00166814
      1700 0.00184757
      1800 0.00203398
      1900 0.00222725
      2000 0.00242725
      2100 0.00263389
      2200 0.00284707
      2300  0.0030667
      2400 0.00329271
      2500 0.00352503
      2600  0.0037636
      2700 0.00400835
      2800 0.00425923
      2900 0.00451619
      3000  0.0047792
