       300 0.000130828
       400 0.000230131
       500 0.000351562
       600 0.000492922
       700 0.000652553
       800 0.000829166
       900 0.00102173
      1000 0.00122941
      1100 0.00145151
      1200 0.00168744
      1300  0.0019367
      1400 0.00219886
      1500 0.00247354
      1600 0.00276043
      1700 0.00305922
      1800 0.00336966
      1900 0.00369152
      2000 0.00402459
      2100 0.00436869
      2200 0.00472364
      2300  0.0050893
      2400 0.00546552
      2500 0.00585218
      2600 0.00624916
      2700 0.00665636
      2800 0.00707366
      2900 0.00750099
      3000 0.00793826
