       300 8.71613e-05
       400 0.000153288
       500 0.000234139
       600 0.000328248
       700 0.000434514
       800 0.000552078
       900 0.000680255
      1000 0.000818488
      1100 0.000966314
      1200 0.00112334
      1300 0.00128924
      1400 0.00146373
      1500 0.00164655
      1600 0.00183748
      1700 0.00203634
      1800 0.00224296
      1900 0.00245717
      2000 0.00267885
      2100 0.00290786
      2200  0.0031441
      2300 0.00338747
      2400 0.00363787
      2500 0.00389522
      2600 0.00415943
      2700 0.00443045
      2800  0.0047082
      2900 0.00499262
      3000 0.00528365
