       300 0.00012587
       400 0.000210187
       500 0.000310541
       600 0.000425427
       700 0.000553745
       800 0.000694655
       900 0.000847491
      1000 0.00101171
      1100 0.00118687
      1200 0.00137258
      1300 0.00156852
      1400 0.00177442
      1500 0.00199001
      1600  0.0022151
      1700 0.00244947
      1800 0.00269297
      1900 0.00294544
      2000 0.00320673
      2100 0.00347672
      2200 0.00375529
      2300 0.00404234
      2400 0.00433777
      2500 0.00464148
      2600  0.0049534
      2700 0.00527345
      2800 0.00560156
      2900 0.00593766
      3000 0.00628168
