       300 9.86151e-05
       400 0.000168023
       500 0.000251361
       600 0.000347244
       700 0.00045466
       800 0.000572837
       900 0.000701165
      1000 0.00083915
      1100 0.000986387
      1200 0.00114253
      1300  0.0013073
      1400 0.00148044
      1500 0.00166173
      1600 0.00185098
      1700 0.00204804
      1800 0.00225274
      1900 0.00246496
      2000 0.00268457
      2100 0.00291147
      2200 0.00314557
      2300 0.00338677
      2400 0.00363499
      2500 0.00389017
      2600 0.00415222
      2700  0.0044211
      2800 0.00469675
      2900  0.0049791
      3000 0.00526812
