       300 0.000123763
       400 0.000205796
       500 0.000303266
       600 0.000414747
       700 0.000539197
       800 0.000675818
       900 0.000823979
      1000 0.000983165
      1100 0.00115295
      1200 0.00133296
      1300  0.0015229
      1400  0.0017225
      1500 0.00193151
      1600 0.00214973
      1700 0.00237698
      1800 0.00261308
      1900 0.00285789
      2000 0.00311128
      2100 0.00337312
      2200 0.00364329
      2300 0.00392169
      2400 0.00420824
      2500 0.00450283
      2600 0.00480539
      2700 0.00511585
      2800 0.00543414
      2900 0.00576018
      3000 0.00609392
