       300 5.78233e-05
       400 9.54002e-05
       500 0.000139916
       600 0.000190751
       700 0.000247452
       800 0.000309671
       900 0.00037713
      1000 0.000449606
      1100 0.000526907
      1200 0.000608876
      1300 0.000695375
      1400 0.000786282
      1500 0.000881494
      1600 0.000980917
      1700 0.00108447
      1800 0.00119207
      1900 0.00130366
      2000 0.00141917
      2100 0.00153855
      2200 0.00166175
      2300 0.00178871
      2400 0.00191941
      2500 0.00205378
      2600  0.0021918
      2700 0.00233344
      2800 0.00247866
      2900 0.00262743
      3000 0.00277972
