       300 6.29148e-05
       400 0.000103466
       500 0.000151452
       600 0.000206219
       700 0.000267289
       800 0.000334293
       900 0.000406939
      1000 0.000484988
      1100 0.000568238
      1200 0.000656521
      1300 0.000749689
      1400 0.000847614
      1500 0.000950185
      1600  0.0010573
      1700 0.00116887
      1800 0.00128482
      1900 0.00140507
      2000 0.00152955
      2100 0.00165821
      2200 0.00179099
      2300 0.00192784
      2400 0.00206871
      2500 0.00221356
      2600 0.00236235
      2700 0.00251504
      2800 0.00267159
      2900 0.00283197
      3000 0.00299616
