       300 6.41955e-05
       400 0.000107027
       500 0.000157973
       600 0.000216274
       700 0.000281379
       800 0.000352865
       900 0.000430396
      1000  0.0005137
      1100 0.00060255
      1200 0.000696754
      1300 0.00079615
      1400 0.000900594
      1500 0.00100996
      1600 0.00112415
      1700 0.00124305
      1800 0.00136658
      1900 0.00149466
      2000 0.00162722
      2100  0.0017642
      2200 0.00190553
      2300 0.00205117
      2400 0.00220106
      2500 0.00235516
      2600 0.00251342
      2700 0.00267581
      2800 0.00284229
      2900 0.00301282
      3000 0.00318738
