       300 5.8175e-05
       400 9.70943e-05
       500 0.000143406
       600 0.000196418
       700 0.000255624
       800 0.000320638
       900 0.000391152
      1000 0.000466919
      1100 0.00054773
      1200 0.000633412
      1300 0.000723814
      1400 0.000818807
      1500 0.000918278
      1600 0.00102213
      1700 0.00113026
      1800 0.00124261
      1900 0.00135909
      2000 0.00147965
      2100 0.00160422
      2200 0.00173275
      2300 0.00186519
      2400  0.0020015
      2500 0.00214164
      2600 0.00228556
      2700 0.00243323
      2800 0.00258462
      2900  0.0027397
      3000 0.00289843
