       300 7.40487e-05
       400 0.000121103
       500 0.000176693
       600 0.000240091
       700 0.000310764
       800  0.0003883
       900 0.000472368
      1000  0.0005627
      1100 0.000659067
      1200 0.000761275
      1300 0.000869159
      1400 0.000982569
      1500 0.00110138
      1600 0.00122547
      1700 0.00135474
      1800  0.0014891
      1900 0.00162846
      2000 0.00177274
      2100 0.00192187
      2200 0.00207579
      2300 0.00223443
      2400 0.00239775
      2500 0.00256568
      2600 0.00273819
      2700 0.00291521
      2800 0.00309672
      2900 0.00328267
      3000 0.00347303
