       300 6.30903e-05
       400 0.000103755
       500 0.000151875
       600 0.000206795
       700 0.000268034
       800 0.000335225
       900 0.000408074
      1000 0.000486341
      1100 0.000569824
      1200 0.000658352
      1300 0.00075178
      1400 0.000849979
      1500 0.000952835
      1600 0.00106025
      1700 0.00117213
      1800  0.0012884
      1900 0.00140899
      2000 0.00153382
      2100 0.00166284
      2200 0.00179599
      2300 0.00193322
      2400 0.00207449
      2500 0.00221974
      2600 0.00236894
      2700 0.00252206
      2800 0.00267904
      2900 0.00283987
      3000 0.00300451
