       300 0.000111297
       400 0.000180764
       500 0.000262722
       600 0.000356161
       700 0.000460331
       800 0.000574647
       900 0.000698638
      1000 0.000831914
      1100 0.000974143
      1200 0.00112504
      1300 0.00128436
      1400 0.00145189
      1500 0.00162742
      1600 0.00181079
      1700 0.00200183
      1800 0.00220041
      1900 0.00240639
      2000 0.00261966
      2100 0.00284009
      2200  0.0030676
      2300 0.00330208
      2400 0.00354345
      2500 0.00379162
      2600 0.00404651
      2700 0.00430806
      2800 0.00457619
      2900 0.00485083
      3000 0.00513193
