       300 0.000148064
       400 0.000239122
       500 0.00034652
       600 0.000469001
       700 0.000605621
       800 0.000755633
       900 0.000918429
      1000  0.0010935
      1100 0.00128041
      1200 0.00147877
      1300 0.00168827
      1400 0.00190859
      1500 0.00213948
      1600 0.00238069
      1700 0.00263201
      1800 0.00289324
      1900 0.00316419
      2000  0.0034447
      2100 0.00373459
      2200 0.00403374
      2300   0.004342
      2400 0.00465924
      2500 0.00498533
      2600 0.00532018
      2700 0.00566366
      2800 0.00601568
      2900 0.00637614
      3000 0.00674494
