       300 8.17086e-05
       400 0.000133134
       500 0.000193839
       600 0.00026305
       700 0.000340201
       800 0.000424851
       900 0.000516647
      1000 0.000615297
      1100 0.000720556
      1200 0.000832212
      1300 0.000950085
      1400 0.00107401
      1500 0.00120385
      1600 0.00133948
      1700 0.00148078
      1800 0.00162764
      1900 0.00177998
      2000 0.00193771
      2100 0.00210074
      2200 0.00226901
      2300 0.00244244
      2400 0.00262098
      2500 0.00280456
      2600 0.00299313
      2700 0.00318664
      2800 0.00338503
      2900 0.00358827
      3000 0.00379631
