       300 6.44798e-05
       400 0.000107981
       500 0.000159816
       600 0.000219195
       700 0.000285542
       800 0.000358415
       900 0.000437466
      1000 0.000522411
      1100 0.000613015
      1200 0.00070908
      1300 0.000810436
      1400 0.000916937
      1500 0.00102845
      1600 0.00114487
      1700  0.0012661
      1800 0.00139204
      1900 0.00152261
      2000 0.00165774
      2100 0.00179736
      2200 0.00194142
      2300 0.00208986
      2400 0.00224263
      2500 0.00239969
      2600 0.00256098
      2700 0.00272647
      2800 0.00289613
      2900 0.00306992
      3000 0.00324781
