       300 0.000113871
       400 0.000184944
       500 0.000268798
       600 0.000364397
       700 0.000470976
       800 0.000587935
       900 0.000714793
      1000 0.000851151
      1100 0.000996669
      1200 0.00115106
      1300 0.00131406
      1400 0.00148546
      1500 0.00166505
      1600 0.00185266
      1700 0.00204812
      1800 0.00225129
      1900 0.00246204
      2000 0.00268023
      2100 0.00290577
      2200 0.00313853
      2300 0.00337844
      2400 0.00362539
      2500 0.00387929
      2600 0.00414008
      2700 0.00440768
      2800   0.004682
      2900   0.004963
      3000  0.0052506
