       300 0.000114297
       400 0.000185636
       500 0.000269804
       600 0.000365762
       700 0.000472739
       800 0.000590136
       900 0.00071747
      1000 0.000854338
      1100  0.0010004
      1200 0.00115537
      1300 0.00131898
      1400 0.00149102
      1500 0.00167128
      1600 0.00185959
      1700 0.00205579
      1800 0.00225972
      1900 0.00247125
      2000 0.00269027
      2100 0.00291665
      2200 0.00315029
      2300 0.00339109
      2400 0.00363896
      2500 0.00389382
      2600 0.00415558
      2700 0.00442418
      2800 0.00469954
      2900 0.00498158
      3000 0.00527026
