       300 2.34016e-05
       400 4.01274e-05
       500 6.02723e-05
       600 8.3493e-05
       700 0.000109538
       800 0.000138214
       900 0.00016937
      1000 0.000202883
      1100 0.000238652
      1200 0.000276592
      1300 0.000316633
      1400 0.00035871
      1500 0.000402773
      1600 0.000448772
      1700 0.000496668
      1800 0.000546424
      1900 0.000598007
      2000 0.000651388
      2100 0.000706541
      2200 0.000763442
      2300 0.000822069
      2400 0.000882404
      2500 0.000944427
      2600 0.00100812
      2700 0.00107348
      2800 0.00114048
      2900 0.00120911
      3000 0.00127936
