       300 1.0821e-05
       400 1.9411e-05
       500 3.0107e-05
       600 4.27272e-05
       700 5.71255e-05
       800 7.31829e-05
       900 9.08001e-05
      1000 0.000109893
      1100 0.000130391
      1200 0.000152231
      1300 0.000175359
      1400 0.000199727
      1500 0.000225293
      1600 0.000252018
      1700 0.000279867
      1800 0.00030881
      1900 0.000338819
      2000 0.000369866
      2100 0.000401929
      2200 0.000434986
      2300 0.000469016
      2400   0.000504
      2500 0.000539921
      2600 0.000576763
      2700 0.00061451
      2800 0.000653147
      2900 0.000692663
      3000 0.000733044
