       300 1.01332e-05
       400 1.81294e-05
       500 2.80548e-05
       600 3.97367e-05
       700 5.30386e-05
       800 6.78501e-05
       900 8.40802e-05
      1000 0.000101653
      1100 0.000120503
      1200 0.000140574
      1300 0.000161819
      1400 0.000184195
      1500 0.000207663
      1600 0.00023219
      1700 0.000257747
      1800 0.000284305
      1900 0.000311841
      2000 0.000340331
      2100 0.000369756
      2200 0.000400095
      2300 0.000431333
      2400 0.000463452
      2500 0.000496438
      2600 0.000530277
      2700 0.000564956
      2800 0.000600463
      2900 0.000636787
      3000 0.000673916
