       300 9.95194e-06
       400 1.80009e-05
       500 2.81853e-05
       600 4.03651e-05
       700 5.44172e-05
       800 7.02332e-05
       900 8.77175e-05
      1000 0.000106785
      1100 0.000127359
      1200 0.000149371
      1300 0.000172758
      1400 0.000197464
      1500 0.000223437
      1600 0.000250628
      1700 0.000278993
      1800 0.000308492
      1900 0.000339086
      2000 0.00037074
      2100 0.00040342
      2200 0.000437096
      2300 0.000471737
      2400 0.000507317
      2500 0.00054381
      2600 0.000581191
      2700 0.000619436
      2800 0.000658524
      2900 0.000698434
      3000 0.000739146
