       300 7.72875e-06
       400 1.38471e-05
       500 2.1454e-05
       600 3.04187e-05
       700 4.06367e-05
       800 5.20235e-05
       900 6.45089e-05
      1000 7.80338e-05
      1100 9.25479e-05
      1200 0.000108008
      1300 0.000124375
      1400 0.000141617
      1500 0.000159704
      1600 0.000178609
      1700 0.000198308
      1800 0.00021878
      1900 0.000240005
      2000 0.000261966
      2100 0.000284646
      2200 0.000308031
      2300 0.000332105
      2400 0.000356856
      2500 0.000382273
      2600 0.000408345
      2700 0.00043506
      2800 0.000462409
      2900 0.000490383
      3000 0.000518974
