       300 8.70433e-06
       400 1.5731e-05
       500 2.4596e-05
       600 3.51706e-05
       700 4.73439e-05
       800 6.10201e-05
       900 7.61155e-05
      1000 9.25564e-05
      1100 0.000110278
      1200 0.000129221
      1300 0.000149333
      1400 0.000170566
      1500 0.000192878
      1600 0.000216229
      1700 0.000240582
      1800 0.000265903
      1900 0.000292161
      2000 0.000319328
      2100 0.000347377
      2200 0.000376281
      2300 0.000406018
      2400 0.000436566
      2500 0.000467903
      2600 0.00050001
      2700 0.000532869
      2800 0.000566461
      2900 0.00060077
      3000 0.00063578
