       300 9.82296e-06
       400 1.77789e-05
       500 2.78933e-05
       600 4.00415e-05
       700 5.41094e-05
       800 6.99936e-05
       900 8.76005e-05
      1000 0.000106845
      1100 0.00012765
      1200 0.000149944
      1300 0.000173662
      1400 0.000198744
      1500 0.000225135
      1600 0.000252783
      1700 0.00028164
      1800 0.000311661
      1900 0.000342804
      2000 0.000375031
      2100 0.000408304
      2200 0.000442588
      2300 0.000477851
      2400 0.000514061
      2500 0.00055119
      2600 0.000589209
      2700 0.000628091
      2800 0.000667812
      2900 0.000708348
      3000 0.000749676
