       300 1.07385e-05
       400 1.91701e-05
       500 2.96111e-05
       600 4.18774e-05
       700 5.58247e-05
       800 7.13373e-05
       900 8.83205e-05
      1000 0.000106695
      1100 0.000126395
      1200 0.000147361
      1300 0.000169546
      1400 0.000192905
      1500  0.0002174
      1600 0.000242998
      1700 0.000269667
      1800 0.00029738
      1900 0.000326113
      2000 0.000355842
      2100 0.000386549
      2200 0.000418213
      2300 0.000450818
      2400 0.000484347
      2500 0.000518786
      2600 0.000554121
      2700 0.00059034
      2800 0.00062743
      2900 0.000665381
      3000 0.000704182
