       300 1.15225e-05
       400 2.05071e-05
       500 3.15992e-05
       600 4.46009e-05
       700 5.93585e-05
       800 7.57499e-05
       900 9.36758e-05
      1000 0.000113054
      1100 0.000133815
      1200 0.000155901
      1300 0.000179259
      1400 0.000203847
      1500 0.000229624
      1600 0.000256558
      1700 0.000284616
      1800 0.000313771
      1900 0.000343999
      2000 0.000375277
      2100 0.000407585
      2200 0.000440904
      2300 0.000475217
      2400 0.000510508
      2500 0.000546762
      2600 0.000583968
      2700 0.000622111
      2800 0.000661181
      2900 0.000701166
      3000 0.000742058
