       300 1.52282e-05
       400 2.64965e-05
       500 4.01775e-05
       600 5.60272e-05
       700 7.38647e-05
       800 9.35505e-05
       900 0.000114975
      1000 0.000138048
      1100 0.000162696
      1200 0.000188859
      1300 0.000216482
      1400 0.000245522
      1500 0.000275939
      1600  0.0003077
      1700 0.000340774
      1800 0.000375134
      1900 0.000410758
      2000 0.000447624
      2100 0.000485713
      2200 0.000525008
      2300 0.000565493
      2400 0.000607154
      2500 0.000649978
      2600 0.000693955
      2700 0.000739072
      2800 0.00078532
      2900 0.00083269
      3000 0.000881174
