       300 1.02025e-05
       400 1.84578e-05
       500 2.89132e-05
       600 4.1428e-05
       700 5.5877e-05
       800  7.215e-05
       900 9.01489e-05
      1000 0.000109786
      1100 0.000130983
      1200 0.000153667
      1300 0.000177776
      1400 0.000203249
      1500 0.000230032
      1600 0.000258075
      1700 0.000287332
      1800 0.00031776
      1900 0.000349319
      2000 0.000381972
      2100 0.000415684
      2200 0.000450422
      2300 0.000486155
      2400 0.000522855
      2500 0.000560493
      2600 0.000599045
      2700 0.000638485
      2800 0.00067879
      2900 0.000719939
      3000 0.000761909
