       300 2.32513e-05
       400 4.05865e-05
       500 6.16752e-05
       600 8.61388e-05
       700 0.000113695
       800 0.000144127
       900 0.000177262
      1000 0.00021296
      1100 0.000251106
      1200 0.000291603
      1300 0.000334369
      1400 0.000379332
      1500 0.000426432
      1600 0.000475615
      1700 0.000526833
      1800 0.000580045
      1900 0.000635214
      2000 0.000692307
      2100 0.000751292
      2200 0.000812143
      2300 0.000874837
      2400 0.000939349
      2500 0.00100566
      2600 0.00107375
      2700 0.00114361
      2800 0.00121521
      2900 0.00128855
      3000  0.0013636
