       300 1.55699e-05
       400 2.81691e-05
       500 4.4129e-05
       600 6.32352e-05
       700 8.52975e-05
       800 0.000110148
       900 0.000137636
      1000 0.000167628
      1100 0.000200005
      1200 0.000234656
      1300 0.000271484
      1400 0.000310398
      1500 0.000351314
      1600 0.000394156
      1700 0.000438854
      1800 0.000485341
      1900 0.000533557
      2000 0.000583444
      2100 0.000634949
      2200 0.000688021
      2300 0.000742614
      2400 0.000798682
      2500 0.000856185
      2600 0.000915082
      2700 0.000975335
      2800 0.00103691
      2900 0.00109977
      3000 0.00116388
