       300 2.35792e-05
       400 4.1036e-05
       500 6.22331e-05
       600 8.67925e-05
       700 0.000114433
       800 0.00014494
       900 0.000178141
      1000 0.000213899
      1100 0.000252099
      1200 0.000292645
      1300 0.000335457
      1400 0.000380464
      1500 0.000427605
      1600 0.000476829
      1700 0.000528089
      1800 0.000581342
      1900 0.000636554
      2000 0.00069369
      2100 0.000752722
      2200 0.000813623
      2300 0.000876368
      2400 0.000940936
      2500 0.00100731
      2600 0.00107546
      2700 0.00114539
      2800 0.00121706
      2900 0.00129048
      3000 0.00136562
