       300 2.97889e-05
       400 5.24612e-05
       500 8.02093e-05
       600 0.00011253
       700 0.000149045
       800 0.000189456
       900 0.000233529
      1000 0.00028107
      1100 0.000331918
      1200 0.000385939
      1300 0.000443018
      1400 0.000503054
      1500 0.000565962
      1600 0.000631665
      1700 0.000700097
      1800 0.000771197
      1900 0.000844912
      2000 0.000921195
      2100      0.001
      2200  0.0010813
      2300 0.00116504
      2400  0.0012512
      2500 0.00133974
      2600 0.00143065
      2700 0.00152389
      2800 0.00161945
      2900  0.0017173
      3000 0.00181741
