       300 2.97886e-05
       400 5.24607e-05
       500 8.02084e-05
       600 0.000112529
       700 0.000149043
       800 0.000189454
       900 0.000233527
      1000 0.000281067
      1100 0.000331915
      1200 0.000385935
      1300 0.000443013
      1400 0.000503049
      1500 0.000565956
      1600 0.000631658
      1700 0.000700089
      1800 0.000771189
      1900 0.000844903
      2000 0.000921186
      2100 0.000999992
      2200 0.00108128
      2300 0.00116503
      2400 0.00125118
      2500 0.00133973
      2600 0.00143064
      2700 0.00152388
      2800 0.00161943
      2900 0.00171728
      3000 0.00181739
