       300 2.37988e-05
       400 4.0817e-05
       500 6.13162e-05
       600 8.49467e-05
       700 0.000111452
       800 0.000140637
       900 0.000172345
      1000 0.000206453
      1100 0.000242858
      1200 0.000281473
      1300 0.000322225
      1400 0.000365051
      1500 0.000409896
      1600 0.000456714
      1700 0.000505462
      1800 0.000556103
      1900 0.000608603
      2000 0.000662934
      2100 0.000719068
      2200 0.00077698
      2300 0.000836651
      2400 0.000898058
      2500 0.000961185
      2600 0.00102601
      2700 0.00109253
      2800 0.00116072
      2900 0.00123057
      3000 0.00130207
