       300 3.74441e-05
       400 6.4478e-05
       500 9.71088e-05
       600 0.000134772
       700 0.000177052
       800 0.000223632
       900 0.00027426
      1000 0.000328735
      1100 0.000386889
      1200 0.000448583
      1300 0.000513698
      1400 0.000582132
      1500 0.000653798
      1600 0.000728618
      1700 0.000806525
      1800 0.000887458
      1900 0.000971363
      2000 0.00105819
      2100 0.00114791
      2200 0.00124046
      2300 0.00133583
      2400 0.00143397
      2500 0.00153485
      2600 0.00163846
      2700 0.00174476
      2800 0.00185374
      2900 0.00196537
      3000 0.00207963
