       300 1.15091e-05
       400 2.06231e-05
       500 3.19565e-05
       600 4.53145e-05
       700 6.0542e-05
       800 7.75126e-05
       900 9.61218e-05
      1000 0.000116281
      1100 0.000137917
      1200 0.000160962
      1300 0.000185362
      1400 0.000211065
      1500 0.000238028
      1600 0.000266211
      1700 0.000295579
      1800 0.000326099
      1900 0.000357742
      2000 0.000390482
      2100 0.000424294
      2200 0.000459154
      2300 0.000495044
      2400 0.000531943
      2500 0.000569833
      2600 0.000608698
      2700 0.000648523
      2800 0.000689292
      2900 0.000730992
      3000 0.00077361
