       300 1.63188e-05
       400 2.92772e-05
       500 4.54155e-05
       600 6.44596e-05
       700 8.61894e-05
       800 0.000110425
       900 0.000137017
      1000 0.000165839
      1100 0.000196782
      1200 0.000229753
      1300 0.000264669
      1400 0.000301458
      1500 0.000340056
      1600 0.000380404
      1700 0.00042245
      1800 0.000466148
      1900 0.000511455
      2000 0.00055833
      2100 0.000606738
      2200 0.000656646
      2300 0.000708022
      2400 0.000760839
      2500 0.00081507
      2600 0.00087069
      2700 0.000927676
      2800 0.000986006
      2900 0.00104566
      3000 0.00110662
