       300 2.36402e-05
       400 4.0615e-05
       500 6.10799e-05
       600 8.46836e-05
       700 0.000111168
       800 0.000140336
       900 0.000172032
      1000 0.000206131
      1100 0.000242528
      1200 0.000281138
      1300 0.000321886
      1400 0.000364709
      1500 0.000409553
      1600 0.00045637
      1700 0.000505117
      1800 0.000555757
      1900 0.000608257
      2000 0.000662588
      2100 0.000718721
      2200 0.000776634
      2300 0.000836303
      2400 0.00089771
      2500 0.000960836
      2600 0.00102566
      2700 0.00109218
      2800 0.00116037
      2900 0.00123022
      3000 0.00130172
