       300 1.56709e-05
       400 2.8352e-05
       500 4.44155e-05
       600 6.36457e-05
       700 8.58512e-05
       800 0.000110863
       900 0.000138529
      1000 0.000168716
      1100 0.000201303
      1200 0.00023618
      1300 0.000273247
      1400 0.000312413
      1500 0.000353595
      1600 0.000396715
      1700 0.000441703
      1800 0.000488492
      1900 0.000537021
      2000 0.000587232
      2100 0.000639071
      2200 0.000692488
      2300 0.000747435
      2400 0.000803867
      2500 0.000861743
      2600 0.000921022
      2700 0.000981666
      2800 0.00104364
      2900 0.00110691
      3000 0.00117144
