       300 1.46539e-05
       400 2.47934e-05
       500 3.69289e-05
       600 5.08652e-05
       700 6.64598e-05
       800 8.36039e-05
       900 0.000102212
      1000 0.000122213
      1100 0.000143551
      1200 0.000166178
      1300 0.000190051
      1400 0.000215136
      1500 0.000241402
      1600 0.000268821
      1700 0.00029737
      1800 0.000327027
      1900 0.000357773
      2000 0.000389592
      2100 0.000422466
      2200 0.000456383
      2300 0.00049133
      2400 0.000527295
      2500 0.000564266
      2600 0.000602235
      2700 0.000641193
      2800 0.00068113
      2900 0.000722039
      3000 0.000763913
