       300 2.26683e-05
       400 3.77548e-05
       500 5.5692e-05
       600 7.62147e-05
       700 9.91295e-05
       800 0.000124288
       900 0.000151573
      1000 0.00018089
      1100 0.000212158
      1200 0.00024531
      1300 0.00028029
      1400 0.000317046
      1500 0.000355537
      1600 0.000395722
      1700 0.000437568
      1800 0.000481044
      1900 0.000526123
      2000 0.000572779
      2100 0.000620989
      2200 0.000670734
      2300 0.000721994
      2400 0.000774751
      2500 0.000828989
      2600 0.000884694
      2700 0.000941852
      2800 0.00100045
      2900 0.00106048
      3000 0.00112192
