       300 1.51714e-05
       400 2.62395e-05
       500 3.96307e-05
       600 5.51101e-05
       700 7.25042e-05
       800 9.16802e-05
       900 0.000112533
      1000 0.000134978
      1100 0.000158946
      1200 0.000184377
      1300 0.000211222
      1400 0.000239438
      1500 0.000268989
      1600 0.000299842
      1700 0.000331969
      1800 0.000365345
      1900 0.000399947
      2000 0.000435755
      2100 0.000472752
      2200 0.000510921
      2300 0.000550247
      2400 0.000590718
      2500 0.000632321
      2600 0.000675044
      2700 0.000718879
      2800 0.000763815
      2900 0.000809844
      3000 0.000856958
