       300 0.000128905
       400 0.000214823
       500 0.000316999
       600 0.000433918
       700 0.000564475
       800 0.000707822
       900 0.000863289
      1000 0.00103033
      1100 0.00120849
      1200 0.00139739
      1300  0.0015967
      1400 0.00180614
      1500 0.00202545
      1600 0.00225441
      1700 0.00249284
      1800 0.00274055
      1900 0.00299739
      2000 0.00326322
      2100  0.0035379
      2200 0.00382132
      2300 0.00411337
      2400 0.00441395
      2500 0.00472296
      2600 0.00504034
      2700 0.00536598
      2800 0.00569983
      2900 0.00604181
      3000 0.00639187
