       300 2.04745e-05
       400 3.38353e-05
       500 4.96728e-05
       600 6.77639e-05
       700 8.79457e-05
       800 0.000110093
       900 0.000134107
      1000 0.000159907
      1100 0.000187424
      1200 0.000216602
      1300 0.00024739
      1400 0.000279748
      1500 0.000313636
      1600 0.000349022
      1700 0.000385875
      1800 0.000424169
      1900 0.00046388
      2000 0.000504987
      2100 0.000547468
      2200 0.000591306
      2300 0.000636484
      2400 0.000682987
      2500  0.0007308
      2600 0.000779909
      2700 0.000830304
      2800 0.000881971
      2900 0.000934901
      3000 0.000989083
