       300 3.41498e-05
       400 5.62344e-05
       500 8.23797e-05
       600 0.000112226
       700 0.00014551
       800 0.000182031
       900 0.000221627
      1000 0.000264167
      1100 0.000309542
      1200 0.000357658
      1300 0.000408434
      1400 0.000461802
      1500 0.000517699
      1600 0.000576072
      1700 0.00063687
      1800 0.00070005
      1900 0.000765574
      2000 0.000833403
      2100 0.000903507
      2200 0.000975853
      2300 0.00105042
      2400 0.00112717
      2500 0.00120609
      2600 0.00128715
      2700 0.00137034
      2800 0.00145563
      2900   0.001543
      3000 0.00163245
