       300 1.11773e-05
       400 1.89443e-05
       500 2.82475e-05
       600 3.8936e-05
       700 5.08997e-05
       800 6.40544e-05
       900 7.83337e-05
      1000 9.36838e-05
      1100 0.00011006
      1200 0.000127426
      1300 0.000145749
      1400 0.000165002
      1500 0.000185162
      1600 0.000206207
      1700 0.000228118
      1800 0.000250881
      1900 0.000274479
      2000 0.000298899
      2100 0.000324131
      2200 0.000350162
      2300 0.000376984
      2400 0.000404587
      2500 0.000432962
      2600 0.000462103
      2700 0.000492003
      2800 0.000522655
      2900 0.000554052
      3000 0.000586191
