       300 1.5278e-05
       400 2.65832e-05
       500 4.0309e-05
       600 5.62106e-05
       700 7.41065e-05
       800 9.38568e-05
       900 0.000115351
      1000  0.0001385
      1100 0.000163229
      1200 0.000189477
      1300 0.000217191
      1400 0.000246326
      1500 0.000276843
      1600 0.000308707
      1700 0.000341889
      1800 0.000376363
      1900 0.000412103
      2000 0.000449089
      2100 0.000487303
      2200 0.000526726
      2300 0.000567344
      2400 0.000609141
      2500 0.000652106
      2600 0.000696226
      2700 0.000741491
      2800 0.000787891
      2900 0.000835416
      3000 0.000884059
