       300 2.25756e-05
       400 3.90429e-05
       500 5.89661e-05
       600 8.19954e-05
       700 0.000107873
       800 0.000136401
       900 0.000167424
      1000 0.000200816
      1100 0.000236471
      1200 0.000274304
      1300 0.000314241
      1400 0.000356218
      1500 0.00040018
      1600 0.000446079
      1700 0.000493873
      1800 0.000543525
      1900 0.000595002
      2000 0.000648273
      2100 0.000703312
      2200 0.000760095
      2300  0.0008186
      2400 0.000878807
      2500 0.000940698
      2600 0.00100426
      2700 0.00106947
      2800 0.00113632
      2900 0.00120479
      3000 0.00127488
