       300 2.08159e-05
       400 3.4464e-05
       500 5.06534e-05
       600 6.91534e-05
       700 8.97953e-05
       800 0.00011245
       900 0.000137015
      1000 0.000163407
      1100 0.000191555
      1200 0.000221402
      1300 0.000252895
      1400 0.000285992
      1500 0.000320653
      1600 0.000356844
      1700 0.000394535
      1800 0.000433698
      1900 0.000474309
      2000 0.000516345
      2100 0.000559785
      2200 0.000604612
      2300 0.000650807
      2400 0.000698355
      2500 0.000747242
      2600 0.000797454
      2700 0.000848978
      2800 0.000901803
      2900 0.000955917
      3000 0.00101131
