       300 2.78744e-05
       400 4.68474e-05
       500 6.94896e-05
       600 9.54489e-05
       700 0.000124469
       800 0.000156352
       900 0.000190945
      1000 0.00022812
      1100 0.000267774
      1200 0.000309819
      1300 0.000354179
      1400 0.00040079
      1500 0.000449596
      1600 0.000500547
      1700 0.000553598
      1800 0.00060871
      1900 0.000665848
      2000 0.00072498
      2100 0.000786077
      2200 0.000849113
      2300 0.000914064
      2400 0.000980908
      2500 0.00104963
      2600  0.0011202
      2700 0.00119261
      2800 0.00126684
      2900 0.00134287
      3000  0.0014207
