       300 2.55531e-05
       400 4.25228e-05
       500 6.26921e-05
       600 8.57643e-05
       700 0.000111523
       800 0.000139803
       900 0.000170471
      1000 0.000203423
      1100 0.000238568
      1200 0.000275831
      1300 0.000315148
      1400 0.000356463
      1500 0.000399727
      1600 0.000444897
      1700 0.000491934
      1800 0.000540805
      1900 0.000591477
      2000 0.000643923
      2100 0.000698117
      2200 0.000754036
      2300 0.000811659
      2400 0.000870966
      2500 0.000931938
      2600 0.00099456
      2700 0.00105881
      2800 0.00112469
      2900 0.00119217
      3000 0.00126124
