       300 2.18523e-05
       400 3.72756e-05
       500 5.58042e-05
       600 7.7129e-05
       700 0.000101024
       800 0.000127316
       900 0.000155869
      1000 0.000186572
      1100 0.000219335
      1200 0.000254082
      1300 0.000290748
      1400 0.000329278
      1500 0.000369622
      1600 0.000411738
      1700 0.00045559
      1800 0.000501144
      1900 0.000548371
      2000 0.000597244
      2100 0.000647739
      2200 0.000699834
      2300 0.000753511
      2400 0.00080875
      2500 0.000865536
      2600 0.000923854
      2700 0.00098369
      2800 0.00104503
      2900 0.00110787
      3000 0.00117219
