       300 1.83991e-05
       400 3.22453e-05
       500 4.91335e-05
       600 6.87586e-05
       700 9.08921e-05
       800 0.000115357
       900 0.000142014
      1000 0.000170746
      1100 0.000201461
      1200 0.000234079
      1300 0.000268531
      1400 0.00030476
      1500 0.000342715
      1600 0.000382351
      1700 0.000423631
      1800 0.000466518
      1900 0.000510983
      2000 0.000556998
      2100 0.000604537
      2200 0.000653579
      2300 0.000704103
      2400 0.000756089
      2500 0.000809522
      2600 0.000864386
      2700 0.000920667
      2800 0.000978351
      2900 0.00103743
      3000 0.00109788
