       300 1.02446e-05
       400 1.80784e-05
       500 2.76805e-05
       600 3.88771e-05
       700 5.15361e-05
       800 6.55545e-05
       900 8.08498e-05
      1000 9.73543e-05
      1100 0.000115012
      1200 0.000133775
      1300 0.000153603
      1400 0.000174461
      1500 0.000196319
      1600 0.000219149
      1700 0.000242928
      1800 0.000267634
      1900 0.00029325
      2000 0.000319757
      2100 0.000347142
      2200 0.000375388
      2300 0.000404485
      2400 0.00043442
      2500 0.000465182
      2600 0.000496763
      2700 0.000529153
      2800 0.000562344
      2900 0.000596328
      3000 0.000631098
