       300 4.57222e-05
       400 7.57608e-05
       500 0.000111404
       600 0.00015214
       700 0.000197596
       800 0.000247488
       900 0.000301588
      1000 0.00035971
      1100 0.000421702
      1200 0.000487433
      1300 0.00055679
      1400 0.000629676
      1500 0.000706006
      1600 0.000785705
      1700 0.000868705
      1800 0.000954946
      1900 0.00104437
      2000 0.00113694
      2100 0.00123259
      2200  0.0013313
      2300 0.00143302
      2400 0.00153772
      2500 0.00164536
      2600 0.00175592
      2700 0.00186937
      2800 0.00198568
      2900 0.00210483
      3000  0.0022268
