       300 1.26594e-05
       400 2.16962e-05
       500 3.25773e-05
       600 4.51179e-05
       700 5.91821e-05
       800 7.46662e-05
       900 9.14886e-05
      1000 0.000109583
      1100 0.000128895
      1200 0.000149379
      1300 0.000170997
      1400 0.000193714
      1500 0.000217502
      1600 0.000242337
      1700 0.000268195
      1800 0.000295057
      1900 0.000322906
      2000 0.000351725
      2100 0.000381501
      2200 0.000412221
      2300 0.000443873
      2400 0.000476446
      2500 0.000509931
      2600 0.00054432
      2700 0.000579604
      2800 0.000615775
      2900 0.000652827
      3000 0.000690754
