       300 1.38567e-05
       400 2.35859e-05
       500 3.52622e-05
       600 4.86925e-05
       700 6.37357e-05
       800 8.0284e-05
       900 9.82524e-05
      1000 0.000117572
      1100 0.000138186
      1200 0.000160047
      1300 0.000183115
      1400 0.000207354
      1500 0.000232735
      1600 0.000259231
      1700 0.000286818
      1800 0.000315476
      1900 0.000345186
      2000 0.000375932
      2100 0.000407698
      2200 0.000440471
      2300 0.000474239
      2400 0.00050899
      2500 0.000544715
      2600 0.000581402
      2700 0.000619045
      2800 0.000657635
      2900 0.000697165
      3000 0.000737627
