       300 4.63999e-05
       400 7.68838e-05
       500 0.000113055
       600 0.000154395
       700 0.000200525
       800 0.000251156
       900 0.000306058
      1000 0.000365042
      1100 0.000427953
      1200 0.000494658
      1300 0.000565043
      1400 0.000639009
      1500 0.000716471
      1600 0.000797351
      1700 0.000881581
      1800  0.0009691
      1900 0.00105985
      2000 0.00115379
      2100 0.00125086
      2200 0.00135103
      2300 0.00145426
      2400 0.00156051
      2500 0.00166975
      2600 0.00178195
      2700 0.00189708
      2800 0.00201511
      2900 0.00213603
      3000  0.0022598
