       300 1.99711e-05
       400 3.39465e-05
       500 5.07081e-05
       600 6.99803e-05
       700 9.15619e-05
       800 0.000115299
       900 0.000141071
      1000 0.000168779
      1100 0.000198342
      1200 0.000229693
      1300 0.000262773
      1400 0.000297533
      1500 0.000333929
      1600 0.000371924
      1700 0.000411484
      1800 0.00045258
      1900 0.000495185
      2000 0.000539275
      2100 0.000584828
      2200 0.000631825
      2300 0.000680249
      2400 0.000730083
      2500 0.000781312
      2600 0.000833923
      2700 0.000887903
      2800 0.000943242
      2900 0.000999928
      3000 0.00105795
