       300 1.84149e-05
       400 3.14115e-05
       500 4.70246e-05
       600 6.49939e-05
       700 8.51287e-05
       800 0.000107283
       900 0.000131343
      1000 0.000157215
      1100 0.000184823
      1200 0.000214102
      1300 0.000244998
      1400 0.000277464
      1500 0.00031146
      1600 0.000346949
      1700  0.0003839
      1800 0.000422286
      1900 0.000462081
      2000 0.000503263
      2100 0.000545812
      2200 0.00058971
      2300 0.00063494
      2400 0.000681487
      2500 0.000729337
      2600 0.000778478
      2700 0.000828898
      2800 0.000880587
      2900 0.000933534
      3000 0.000987731
