       300 6.88228e-06
       400 1.22405e-05
       500 1.88516e-05
       600 2.65973e-05
       700 3.5386e-05
       800 4.5145e-05
       900 5.58153e-05
      1000 6.73481e-05
      1100 7.97025e-05
      1200 9.28434e-05
      1300 0.000106741
      1400 0.000121369
      1500 0.000136704
      1600 0.000152726
      1700 0.000169416
      1800 0.00018676
      1900 0.000204741
      2000 0.000223348
      2100 0.000242567
      2200 0.000262388
      2300 0.000282801
      2400 0.000303796
      2500 0.000325365
      2600 0.000347501
      2700 0.000370196
      2800 0.000393442
      2900 0.000417235
      3000 0.000441568
