       300 3.21827e-05
       400 5.41507e-05
       500 8.03799e-05
       600 0.00011046
       700 0.000144092
       800 0.000181046
       900 0.000221143
      1000 0.000264235
      1100 0.000310201
      1200 0.000358939
      1300 0.000410362
      1400 0.000464393
      1500 0.000520968
      1600 0.000580029
      1700 0.000641524
      1800 0.000705408
      1900 0.00077164
      2000 0.000840182
      2100 0.000911002
      2200 0.000984069
      2300 0.00105936
      2400 0.00113684
      2500 0.00121649
      2600 0.00129829
      2700 0.00138222
      2800 0.00146826
      2900 0.00155639
      3000 0.00164661
