       300 0.000108514
       400 0.000177569
       500 0.000259162
       600 0.000352221
       700 0.00045596
       800 0.000569772
       900 0.000693173
      1000 0.000825764
      1100 0.000967211
      1200 0.00111723
      1300 0.00127557
      1400 0.00144203
      1500  0.0016164
      1600 0.00179853
      1700 0.00198825
      1800 0.00218544
      1900 0.00238996
      2000 0.00260171
      2100 0.00282058
      2200 0.00304647
      2300 0.00327929
      2400 0.00351897
      2500 0.00376543
      2600 0.00401859
      2700  0.0042784
      2800 0.00454478
      2900 0.00481768
      3000 0.00509705
