       300 1.31718e-05
       400 2.37536e-05
       500 3.70373e-05
       600 5.2815e-05
       700 7.09132e-05
       800 9.11853e-05
       900 0.000113506
      1000 0.000137767
      1100 0.000163874
      1200 0.000191742
      1300 0.000221298
      1400 0.000252476
      1500 0.000285213
      1600 0.000319458
      1700 0.000355159
      1800 0.000392271
      1900 0.000430752
      2000 0.000470563
      2100 0.000511669
      2200 0.000554037
      2300 0.000597635
      2400 0.000642434
      2500 0.000688406
      2600 0.000735528
      2700 0.000783773
      2800 0.00083312
      2900 0.000883548
      3000 0.000935035
