       300 1.71469e-05
       400 2.93302e-05
       500 4.39862e-05
       600 6.08675e-05
       700 7.97929e-05
       800 0.000100624
       900 0.000123251
      1000 0.000147587
      1100 0.000173558
      1200 0.000201103
      1300 0.000230172
      1400 0.000260718
      1500 0.000292705
      1600 0.000326097
      1700 0.000360865
      1800 0.000396983
      1900 0.000434427
      2000 0.000473177
      2100 0.000513212
      2200 0.000554517
      2300 0.000597075
      2400 0.000640872
      2500 0.000685895
      2600 0.000732133
      2700 0.000779574
      2800 0.00082821
      2900 0.000878029
      3000 0.000929025
