       300 1.89126e-05
       400 3.2471e-05
       500 4.88115e-05
       600 6.76542e-05
       700 8.87938e-05
       800 0.000112073
       900 0.000137369
      1000 0.00016458
      1100 0.000193626
      1200 0.000224435
      1300 0.000256951
      1400 0.000291122
      1500 0.000326905
      1600 0.000364262
      1700 0.00040316
      1800 0.000443568
      1900 0.00048546
      2000 0.000528812
      2100 0.000573603
      2200 0.000619814
      2300 0.000667427
      2400 0.000716426
      2500 0.000766796
      2600 0.000818526
      2700 0.000871601
      2800 0.000926012
      2900 0.000981748
      3000  0.0010388
