       300 1.83952e-05
       400 3.2034e-05
       500 4.86014e-05
       600 6.78015e-05
       700 8.94145e-05
       800 0.000113271
       900 0.000139237
      1000 0.000167205
      1100 0.000197084
      1200  0.0002288
      1300 0.000262288
      1400 0.000297494
      1500 0.000334371
      1600 0.000372878
      1700 0.000412976
      1800 0.000454635
      1900 0.000497826
      2000 0.000542523
      2100 0.000588702
      2200 0.000636343
      2300 0.000685426
      2400 0.000735936
      2500 0.000787855
      2600 0.00084117
      2700 0.000895868
      2800 0.000951936
      2900 0.00100936
      3000 0.00106814
