       300 1.97296e-05
       400 3.3536e-05
       500 5.00947e-05
       600 6.91339e-05
       700 9.04545e-05
       800 0.000113905
       900 0.000139365
      1000 0.000166737
      1100 0.000195943
      1200 0.000226914
      1300 0.000259594
      1400 0.000293934
      1500 0.00032989
      1600 0.000367426
      1700 0.000406508
      1800 0.000447106
      1900 0.000489196
      2000 0.000532752
      2100 0.000577754
      2200 0.000624183
      2300 0.000672021
      2400 0.000721252
      2500 0.000771862
      2600 0.000823837
      2700 0.000877164
      2800 0.000931834
      2900 0.000987834
      3000 0.00104516
