       300 1.03646e-05
       400 1.82901e-05
       500 2.80046e-05
       600 3.93323e-05
       700 5.21396e-05
       800 6.63221e-05
       900 8.17965e-05
      1000 9.84943e-05
      1100 0.000116359
      1200 0.000135341
      1300 0.000155402
      1400 0.000176504
      1500 0.000198617
      1600 0.000221715
      1700 0.000245772
      1800 0.000270768
      1900 0.000296684
      2000 0.000323502
      2100 0.000351206
      2200 0.000379784
      2300 0.000409221
      2400 0.000439506
      2500 0.000470629
      2600 0.00050258
      2700 0.000535349
      2800 0.000568929
      2900 0.000603311
      3000 0.000638488
