       300 1.81357e-05
       400 3.19322e-05
       500 4.88149e-05
       600 6.84778e-05
       700  9.069e-05
       800 0.000115272
       900 0.000142079
      1000 0.000170995
      1100 0.000201922
      1200 0.000234778
      1300 0.000269493
      1400 0.000306007
      1500 0.000344266
      1600 0.000384226
      1700 0.000425845
      1800 0.000469086
      1900 0.000513919
      2000 0.000560312
      2100 0.000608242
      2200 0.000657683
      2300 0.000708613
      2400 0.000761015
      2500 0.000814868
      2600 0.000870158
      2700 0.000926868
      2800 0.000984985
      2900  0.0010445
      3000 0.00110539
