       300 8.80296e-06
       400 1.59093e-05
       500 2.48747e-05
       600 3.55691e-05
       700 4.78804e-05
       800 6.17116e-05
       900 7.6978e-05
      1000 9.36053e-05
      1100 0.000111527
      1200 0.000130685
      1300 0.000151025
      1400 0.000172499
      1500 0.000195064
      1600 0.000218679
      1700 0.000243308
      1800 0.000268916
      1900 0.000295472
      2000 0.000322947
      2100 0.000351313
      2200 0.000380545
      2300 0.000410619
      2400 0.000441513
      2500 0.000473205
      2600 0.000505676
      2700 0.000538907
      2800 0.00057288
      2900 0.000607578
      3000 0.000642985
