       300 2.41803e-05
       400 4.16292e-05
       500 6.26882e-05
       600 8.69932e-05
       700 0.000114277
       800 0.000144333
       900 0.000177002
      1000 0.000212152
      1100 0.000249676
      1200 0.000289483
      1300 0.000331498
      1400 0.000375654
      1500 0.000421895
      1600 0.000470172
      1700 0.000520439
      1800 0.000572659
      1900 0.000626798
      2000 0.000682824
      2100 0.000740709
      2200 0.000800428
      2300 0.00086196
      2400 0.000925283
      2500 0.000990378
      2600 0.00105723
      2700 0.00112582
      2800 0.00119613
      2900 0.00126816
      3000 0.00134189
