       300 1.09215e-05
       400 1.95912e-05
       500 3.03866e-05
       600 4.31239e-05
       700 5.76559e-05
       800 7.38623e-05
       900 9.16431e-05
      1000 0.000110914
      1100 0.000131602
      1200 0.000153645
      1300 0.000176987
      1400 0.000201582
      1500 0.000227385
      1600 0.000254357
      1700 0.000282466
      1800 0.000311677
      1900 0.000341964
      2000  0.0003733
      2100 0.000405661
      2200 0.000439024
      2300 0.00047337
      2400 0.000508679
      2500 0.000544934
      2600 0.000582117
      2700 0.000620215
      2800 0.000659212
      2900 0.000699094
      3000 0.000739849
