       300 7.81637e-06
       400 1.40041e-05
       500 2.16973e-05
       600 3.07635e-05
       700 4.10974e-05
       800 5.26133e-05
       900 6.52402e-05
      1000 7.89184e-05
      1100 9.35971e-05
      1200 0.000109232
      1300 0.000125785
      1400 0.000143223
      1500 0.000161514
      1600 0.000180633
      1700 0.000200556
      1800 0.00022126
      1900 0.000242726
      2000 0.000264936
      2100 0.000287873
      2200 0.000311522
      2300 0.00033587
      2400 0.000360902
      2500 0.000386607
      2600 0.000412974
      2700 0.000439992
      2800 0.000467651
      2900 0.000495942
      3000 0.000524857
