       300 1.56141e-05
       400 2.70734e-05
       500 4.09577e-05
       600 5.70217e-05
       700 7.50839e-05
       800 9.50049e-05
       900 0.000116675
      1000 0.000140004
      1100 0.000164921
      1200 0.000191362
      1300 0.000219275
      1400 0.000248617
      1500 0.000279348
      1600 0.000311435
      1700 0.000344847
      1800 0.000379558
      1900 0.000415545
      2000 0.000452787
      2100 0.000491264
      2200 0.00053096
      2300 0.00057186
      2400 0.000613949
      2500 0.000657215
      2600 0.000701645
      2700 0.00074723
      2800 0.000793959
      2900 0.000841824
      3000 0.000890817
