       300 1.54896e-05
       400 2.69514e-05
       500 4.08674e-05
       600 5.69892e-05
       700 7.51329e-05
       800 9.51568e-05
       900 0.000116949
      1000 0.000140418
      1100 0.00016549
      1200 0.000192101
      1300 0.000220199
      1400 0.000249738
      1500 0.000280677
      1600 0.000312983
      1700 0.000346625
      1800 0.000381575
      1900 0.000417811
      2000 0.00045531
      2100 0.000494053
      2200 0.000534022
      2300 0.000575202
      2400 0.000617579
      2500 0.000661138
      2600 0.00070587
      2700 0.000751762
      2800 0.000798804
      2900 0.000846988
      3000 0.000896304
