       300 1.81354e-05
       400 3.19318e-05
       500 4.88142e-05
       600 6.84768e-05
       700 9.06887e-05
       800 0.00011527
       900 0.000142077
      1000 0.000170993
      1100 0.000201919
      1200 0.000234775
      1300 0.000269489
      1400 0.000306002
      1500 0.000344262
      1600 0.00038422
      1700 0.000425839
      1800 0.00046908
      1900 0.000513911
      2000 0.000560305
      2100 0.000608233
      2200 0.000657673
      2300 0.000708604
      2400 0.000761004
      2500 0.000814857
      2600 0.000870146
      2700 0.000926855
      2800 0.000984971
      2900 0.00104448
      3000 0.00110537
