       300 1.53574e-05
       400 2.66283e-05
       500 4.02844e-05
       600 5.60843e-05
       700 7.38495e-05
       800 9.3443e-05
       900 0.000114757
      1000 0.000137703
      1100 0.000162209
      1200 0.000188216
      1300 0.000215671
      1400 0.00024453
      1500 0.000274756
      1600 0.000306315
      1700 0.000339178
      1800 0.000373318
      1900 0.000408714
      2000 0.000445343
      2100 0.000483188
      2200 0.000522232
      2300 0.000562459
      2400 0.000603856
      2500 0.00064641
      2600 0.00069011
      2700 0.000734946
      2800 0.000780907
      2900 0.000827985
      3000 0.000876172
