       300 1.21977e-05
       400 2.16798e-05
       500 3.33719e-05
       600 4.70644e-05
       700 6.25952e-05
       800 7.98362e-05
       900 9.86832e-05
      1000 0.00011905
      1100 0.000140866
      1200 0.000164068
      1300 0.000188603
      1400 0.000214427
      1500 0.000241498
      1600 0.000269781
      1700 0.000299244
      1800 0.000329858
      1900 0.000361599
      2000 0.000394443
      2100 0.00042837
      2200 0.000463359
      2300 0.000499394
      2400 0.000536459
      2500 0.000574538
      2600 0.000613618
      2700 0.000653686
      2800 0.000694731
      2900 0.000736742
      3000 0.000779709
