       300 7.85103e-06
       400 1.40662e-05
       500 2.17935e-05
       600 3.08999e-05
       700 4.12797e-05
       800 5.28466e-05
       900 6.55295e-05
      1000 7.92684e-05
      1100 9.40121e-05
      1200 0.000109716
      1300 0.000126343
      1400 0.000143858
      1500 0.00016223
      1600 0.000181434
      1700 0.000201445
      1800 0.000222241
      1900 0.000243803
      2000 0.000266111
      2100 0.00028915
      2200 0.000312904
      2300 0.000337359
      2400 0.000362502
      2500 0.000388321
      2600 0.000414805
      2700 0.000441943
      2800 0.000469725
      2900 0.000498141
      3000 0.000527185
