       300 2.42167e-05
       400  4.064e-05
       500 6.02271e-05
       600 8.26759e-05
       700 0.000107766
       800 0.000135329
       900 0.000165231
      1000 0.000197365
      1100 0.00023164
      1200 0.000267982
      1300 0.000306325
      1400 0.000346614
      1500  0.0003888
      1600 0.00043284
      1700 0.000478696
      1800 0.000526335
      1900 0.000575725
      2000 0.000626839
      2100 0.000679653
      2200 0.000734143
      2300 0.000790289
      2400 0.000848072
      2500 0.000907474
      2600 0.00096848
      2700 0.00103107
      2800 0.00109524
      2900 0.00116097
      3000 0.00122825
