       300 3.98593e-05
       400 6.58977e-05
       500 9.67676e-05
       600 0.000132033
       700 0.000171376
       800 0.000214552
       900 0.000261366
      1000 0.000311661
      1100 0.000365305
      1200 0.000422186
      1300 0.000482207
      1400 0.000545286
      1500 0.000611347
      1600 0.000680328
      1700 0.000752168
      1800 0.000826818
      1900 0.000904228
      2000 0.000984357
      2100 0.00106717
      2200 0.00115262
      2300 0.00124068
      2400 0.00133133
      2500 0.00142453
      2600 0.00152026
      2700 0.00161849
      2800  0.0017192
      2900 0.00182237
      3000 0.00192798
