       300 2.55737e-05
       400 4.26535e-05
       500 6.29721e-05
       600 8.62266e-05
       700 0.000112196
       800 0.000140711
       900 0.000171639
      1000 0.000204869
      1100 0.000240312
      1200 0.000277891
      1300 0.00031754
      1400 0.000359203
      1500 0.000402831
      1600 0.000448378
      1700 0.000495808
      1800 0.000545083
      1900 0.000596175
      2000 0.000649052
      2100 0.000703691
      2200 0.000760068
      2300 0.00081816
      2400 0.000877949
      2500 0.000939416
      2600 0.00100254
      2700 0.00106732
      2800 0.00113372
      2900 0.00120175
      3000 0.00127137
