       300 2.78741e-05
       400 4.6847e-05
       500 6.94889e-05
       600 9.5448e-05
       700 0.000124467
       800 0.000156351
       900 0.000190943
      1000 0.000228118
      1100 0.000267771
      1200 0.000309816
      1300 0.000354176
      1400 0.000400787
      1500 0.000449592
      1600 0.000500542
      1700 0.000553592
      1800 0.000608704
      1900 0.000665841
      2000 0.000724973
      2100 0.00078607
      2200 0.000849105
      2300 0.000914056
      2400 0.000980899
      2500 0.00104962
      2600 0.00112019
      2700 0.00119259
      2800 0.00126682
      2900 0.00134286
      3000 0.00142069
