       300 1.82072e-05
       400 3.10571e-05
       500 4.64941e-05
       600 6.42607e-05
       700 8.41684e-05
       800 0.000106073
       900 0.000129861
      1000 0.000155442
      1100 0.000182738
      1200 0.000211687
      1300 0.000242234
      1400 0.000274334
      1500 0.000307946
      1600 0.000343035
      1700 0.000379569
      1800 0.000417522
      1900 0.000456868
      2000 0.000497586
      2100 0.000539655
      2200 0.000583057
      2300 0.000627777
      2400 0.000673798
      2500 0.000721109
      2600 0.000769695
      2700 0.000819547
      2800 0.000870652
      2900 0.000923003
      3000 0.000976588
