       300 2.77846e-05
       400 4.66728e-05
       500 6.92088e-05
       600 9.50434e-05
       700 0.000123921
       800 0.000155648
       900 0.00019007
      1000 0.00022706
      1100 0.000266517
      1200 0.000308353
      1300 0.000352493
      1400 0.000398873
      1500 0.000447436
      1600 0.000498133
      1700 0.000550921
      1800 0.00060576
      1900 0.000662615
      2000 0.000721454
      2100 0.000782249
      2200 0.000844973
      2300 0.000909603
      2400 0.000976117
      2500 0.00104449
      2600 0.00111472
      2700 0.00118677
      2800 0.00126063
      2900 0.00133629
      3000 0.00141374
