       300 0.000178506
       400 0.000300067
       500 0.000445147
       600 0.00061149
       700 0.000797448
       800 0.00100176
       900 0.00122344
      1000 0.00146166
      1100 0.00171578
      1200 0.00198521
      1300 0.00226948
      1400 0.00256818
      1500 0.00288094
      1600 0.00320744
      1700  0.0035474
      1800 0.00390057
      1900 0.00426673
      2000 0.00464566
      2100 0.00503718
      2200 0.00544113
      2300 0.00585734
      2400 0.00628569
      2500 0.00672604
      2600 0.00717828
      2700 0.00764229
      2800 0.00811796
      2900 0.00860522
      3000 0.00910397
