       300 2.51443e-05
       400 4.19374e-05
       500 6.19148e-05
       600 8.47788e-05
       700 0.000110312
       800 0.000138349
       900 0.000168757
      1000 0.000201429
      1100 0.000236277
      1200 0.000273225
      1300 0.000312208
      1400 0.000353172
      1500 0.000396067
      1600 0.00044085
      1700 0.000487483
      1800 0.000535931
      1900 0.000586165
      2000 0.000638155
      2100 0.000691876
      2200 0.000747306
      2300 0.000804423
      2400 0.000863208
      2500 0.000923643
      2600 0.000985711
      2700  0.0010494
      2800 0.00111469
      2900 0.00118157
      3000 0.00125003
