       300 1.84146e-05
       400 3.14109e-05
       500 4.70238e-05
       600 6.49928e-05
       700 8.51272e-05
       800 0.000107282
       900 0.000131341
      1000 0.000157212
      1100 0.00018482
      1200 0.000214098
      1300 0.000244994
      1400 0.00027746
      1500 0.000311454
      1600 0.000346943
      1700 0.000383894
      1800 0.000422279
      1900 0.000462073
      2000 0.000503254
      2100 0.000545803
      2200 0.000589699
      2300 0.000634928
      2400 0.000681475
      2500 0.000729324
      2600 0.000778464
      2700 0.000828883
      2800 0.000880571
      2900 0.000933518
      3000 0.000987714
