       300 1.18306e-05
       400 2.09687e-05
       500 3.2209e-05
       600 4.53488e-05
       700 6.02327e-05
       800 7.67384e-05
       900 9.4767e-05
      1000 0.000114238
      1100 0.000135082
      1200 0.000157243
      1300 0.000180671
      1400 0.000205323
      1500 0.000231162
      1600 0.000258154
      1700 0.000286271
      1800 0.000315486
      1900 0.000345776
      2000 0.000377119
      2100 0.000409497
      2200 0.000442892
      2300 0.000477287
      2400 0.000512669
      2500 0.000549024
      2600 0.00058634
      2700 0.000624605
      2800 0.000663808
      2900 0.000703941
      3000 0.000744993
