       300 1.06348e-05
       400 1.91756e-05
       500 2.98939e-05
       600 4.26214e-05
       700 5.72178e-05
       800 7.35648e-05
       900 9.15613e-05
      1000 0.00011112
      1100 0.000132164
      1200 0.000154628
      1300 0.00017845
      1400 0.000203577
      1500 0.000229961
      1600 0.000257559
      1700 0.00028633
      1800 0.000316237
      1900 0.000347248
      2000 0.000379331
      2100 0.000412458
      2200 0.000446601
      2300 0.000481737
      2400 0.000517841
      2500 0.000554892
      2600 0.000592869
      2700 0.000631753
      2800 0.000671527
      2900 0.000712172
      3000 0.000753673
