       300 1.61364e-05
       400 2.75893e-05
       500 4.13635e-05
       600 5.72271e-05
       700  7.501e-05
       800 9.45824e-05
       900 0.000115842
      1000 0.000138706
      1100 0.000163106
      1200 0.000188984
      1300 0.000216293
      1400 0.000244991
      1500 0.000275041
      1600 0.000306412
      1700 0.000339076
      1800 0.000373008
      1900 0.000408185
      2000 0.000444589
      2100 0.000482201
      2200 0.000521005
      2300 0.000560987
      2400 0.000602133
      2500 0.000644431
      2600 0.00068787
      2700 0.000732439
      2800 0.00077813
      2900 0.000824934
      3000 0.000872843
