       300 1.05982e-05
       400 1.91536e-05
       500 2.99472e-05
       600 4.28222e-05
       700 5.76437e-05
       800 7.42948e-05
       900 9.26737e-05
      1000 0.000112691
      1100 0.000134267
      1200 0.00015733
      1300 0.000181816
      1400 0.000207669
      1500 0.000234833
      1600 0.000263263
      1700 0.000292912
      1800 0.000323741
      1900 0.00035571
      2000 0.000388786
      2100 0.000422935
      2200 0.000458126
      2300 0.000494331
      2400 0.000531523
      2500 0.000569676
      2600 0.000608766
      2700 0.000648771
      2800 0.00068967
      2900 0.000731441
      3000 0.000774067
