       300 1.04195e-05
       400 1.85738e-05
       500 2.86566e-05
       600 4.0489e-05
       700 5.39314e-05
       800 6.88724e-05
       900 8.52211e-05
      1000 0.000102902
      1100 0.000121851
      1200 0.000142014
      1300 0.000163344
      1400  0.0001858
      1500 0.000209345
      1600 0.000233948
      1700 0.000259579
      1800 0.000286214
      1900 0.000313828
      2000 0.000342401
      2100 0.000371913
      2200 0.000402348
      2300 0.000433689
      2400 0.00046592
      2500 0.00049903
      2600 0.000533003
      2700 0.00056783
      2800 0.000603499
      2900    0.00064
      3000 0.000677323
