       300 2.29489e-05
       400 3.91715e-05
       500 5.86665e-05
       600 8.11077e-05
       700 0.000106256
       800 0.00013393
       900 0.000163985
      1000 0.000196305
      1100 0.000230794
      1200 0.000267371
      1300 0.000305969
      1400 0.000346529
      1500   0.000389
      1600 0.000433337
      1700 0.000479501
      1800 0.000527456
      1900 0.000577173
      2000 0.000628622
      2100 0.000681779
      2200 0.000736621
      2300 0.000793127
      2400 0.000851279
      2500 0.000911059
      2600 0.000972451
      2700 0.00103544
      2800 0.00110002
      2900 0.00116616
      3000 0.00123387
