       300 1.20747e-05
       400 2.14013e-05
       500 3.28735e-05
       600 4.62844e-05
       700 6.14754e-05
       800 7.83215e-05
       900 9.67221e-05
      1000 0.000116594
      1100 0.000137869
      1200 0.000160487
      1300 0.000184398
      1400 0.000209559
      1500 0.000235931
      1600 0.00026348
      1700 0.000292177
      1800 0.000321995
      1900 0.000352909
      2000 0.000384899
      2100 0.000417945
      2200 0.000452029
      2300 0.000487134
      2400 0.000523246
      2500 0.000560351
      2600 0.000598436
      2700 0.000637491
      2800 0.000677503
      2900 0.000718463
      3000 0.000760362
