       300 1.02988e-05
       400 1.8632e-05
       500 2.91862e-05
       600 4.18191e-05
       700 5.64045e-05
       800 7.28312e-05
       900 9.09999e-05
      1000 0.000110822
      1100 0.000132219
      1200 0.000155118
      1300 0.000179454
      1400 0.000205167
      1500 0.000232203
      1600 0.000260511
      1700 0.000290044
      1800 0.00032076
      1900 0.000352617
      2000 0.000385578
      2100 0.000419608
      2200 0.000454674
      2300 0.000490744
      2400 0.000527791
      2500 0.000565785
      2600  0.0006047
      2700 0.000644513
      2800 0.000685199
      2900 0.000726736
      3000 0.000769102
