       300 2.46235e-05
       400 4.10983e-05
       500 6.07027e-05
       600 8.31435e-05
       700 0.000108207
       800 0.000135728
       900 0.000165578
      1000 0.000197652
      1100 0.000231861
      1200 0.000268132
      1300 0.000306401
      1400 0.000346613
      1500 0.000388721
      1600 0.000432682
      1700 0.000478459
      1800 0.000526017
      1900 0.000575327
      2000 0.000626361
      2100 0.000679094
      2200 0.000733503
      2300 0.000789569
      2400 0.000847271
      2500 0.000906592
      2600 0.000967517
      2700 0.00103003
      2800 0.00109411
      2900 0.00115976
      3000 0.00122696
