       300 1.83077e-05
       400 3.12286e-05
       500 4.67509e-05
       600 6.46156e-05
       700 8.46331e-05
       800 0.000106659
       900 0.000130579
      1000  0.0001563
      1100 0.000183747
      1200 0.000212856
      1300 0.000243572
      1400 0.000275849
      1500 0.000309647
      1600 0.000344929
      1700 0.000381665
      1800 0.000419828
      1900 0.000459391
      2000 0.000500333
      2100 0.000542635
      2200 0.000586277
      2300 0.000631243
      2400 0.000677519
      2500 0.000725091
      2600 0.000773946
      2700 0.000824072
      2800 0.00087546
      2900 0.000928099
      3000 0.000981981
