       300 1.30671e-05
       400 2.25862e-05
       500 3.40996e-05
       600 4.74055e-05
       700 6.23551e-05
       800 7.88346e-05
       900 9.67539e-05
      1000 0.00011604
      1100 0.000136634
      1200 0.000158485
      1300 0.00018155
      1400 0.000205793
      1500 0.000231182
      1600 0.00025769
      1700 0.000285293
      1800 0.000313968
      1900 0.000343696
      2000 0.000374462
      2100 0.000406248
      2200 0.000439041
      2300 0.000472829
      2400  0.0005076
      2500 0.000543344
      2600 0.00058005
      2700 0.000617712
      2800 0.00065632
      2900 0.000695867
      3000 0.000736346
