       300 1.55591e-05
       400 2.63657e-05
       500 3.93085e-05
       600 5.41778e-05
       700 7.08206e-05
       800 8.91198e-05
       900 0.000108983
      1000 0.000130336
      1100 0.000153116
      1200 0.000177273
      1300 0.000202761
      1400 0.000229543
      1500 0.000257585
      1600 0.000286859
      1700 0.000317339
      1800 0.000349002
      1900 0.000381828
      2000 0.000415798
      2100 0.000450896
      2200 0.000487106
      2300 0.000524416
      2400 0.000562813
      2500 0.000602284
      2600 0.000642821
      2700 0.000684412
      2800 0.000727049
      2900 0.000770725
      3000 0.000815431
