       300 1.64002e-05
       400 2.76599e-05
       500 4.11171e-05
       600 5.6559e-05
       700 7.38301e-05
       800 9.28115e-05
       900 0.000113409
      1000 0.000135548
      1100 0.000159164
      1200 0.000184204
      1300 0.000210625
      1400 0.000238385
      1500 0.000267453
      1600 0.000297797
      1700 0.000329391
      1800 0.000362213
      1900 0.00039624
      2000 0.000431454
      2100 0.000467837
      2200 0.000505375
      2300 0.000544053
      2400 0.000583857
      2500 0.000624776
      2600 0.000666799
      2700 0.000709916
      2800 0.000754117
      2900 0.000799394
      3000 0.000845739
