       300 3.22146e-05
       400 5.31242e-05
       500 7.7891e-05
       600 0.000106171
       700 0.000137712
       800 0.000172323
       900 0.000209848
      1000 0.000250164
      1100 0.000293165
      1200 0.000338762
      1300 0.000386879
      1400 0.00043745
      1500 0.000490415
      1600 0.000545724
      1700 0.00060333
      1800 0.000663191
      1900 0.00072527
      2000 0.000789532
      2100 0.000855946
      2200 0.000924484
      2300 0.000995119
      2400 0.00106783
      2500 0.00114259
      2600 0.00121938
      2700 0.00129818
      2800 0.00137897
      2900 0.00146173
      3000 0.00154646
