       300 1.55728e-05
       400 2.6349e-05
       500 3.92465e-05
       600 5.4058e-05
       700 7.06321e-05
       800 8.8853e-05
       900 0.000108629
      1000 0.000129888
      1100 0.000152566
      1200 0.000176614
      1300 0.000201987
      1400 0.000228648
      1500 0.000256563
      1600 0.000285705
      1700 0.000316047
      1800 0.000347567
      1900 0.000380244
      2000 0.000414061
      2100 0.000449001
      2200 0.000485048
      2300 0.00052219
      2400 0.000560414
      2500 0.000599708
      2600 0.000640062
      2700 0.000681466
      2800 0.000723912
      2900 0.000767391
      3000 0.000811896
