       300 2.31396e-05
       400 3.86336e-05
       500 5.70733e-05
       600 7.81822e-05
       700 0.000101759
       800 0.000127648
       900 0.000155729
      1000 0.000185902
      1100 0.000218083
      1200 0.000252204
      1300 0.000288205
      1400 0.000326034
      1500 0.000365646
      1600 0.000407001
      1700 0.000450063
      1800 0.000494802
      1900 0.000541188
      2000 0.000589196
      2100 0.000638802
      2200 0.000689985
      2300 0.000742725
      2400 0.000797005
      2500 0.000852808
      2600 0.000910119
      2700 0.000968923
      2800 0.00102921
      2900 0.00109096
      3000 0.00115417
