       300 3.43164e-05
       400 5.65087e-05
       500 8.27815e-05
       600 0.000112773
       700 0.00014622
       800 0.000182919
       900 0.000222708
      1000 0.000265456
      1100 0.000311052
      1200 0.000359402
      1300 0.000410427
      1400 0.000464055
      1500 0.000520224
      1600 0.000578881
      1700 0.000639976
      1800 0.000703465
      1900 0.000769308
      2000 0.000837468
      2100 0.000907913
      2200 0.000980613
      2300 0.00105554
      2400 0.00113267
      2500 0.00121197
      2600 0.00129343
      2700 0.00137702
      2800 0.00146273
      2900 0.00155053
      3000 0.00164041
