       300 2.10012e-05
       400 3.47056e-05
       500 5.09505e-05
       600 6.9507e-05
       700 9.02079e-05
       800 0.000112925
       900 0.000137557
      1000 0.00016402
      1100 0.000192245
      1200 0.000222173
      1300 0.000253754
      1400 0.000286944
      1500 0.000321704
      1600 0.000357999
      1700 0.000395801
      1800 0.00043508
      1900 0.000475813
      2000 0.000517976
      2100 0.00056155
      2200 0.000606516
      2300 0.000652856
      2400 0.000700555
      2500 0.000749598
      2600 0.000799971
      2700 0.000851661
      2800 0.000904658
      2900 0.000958949
      3000 0.00101452
