       300 2.37036e-05
       400 4.12523e-05
       500 6.25613e-05
       600 8.72501e-05
       700 0.000115037
       800 0.000145704
       900 0.000179081
      1000 0.000215027
      1100 0.000253428
      1200 0.000294189
      1300 0.000337226
      1400 0.00038247
      1500 0.00042986
      1600 0.000479344
      1700 0.000530873
      1800 0.000584408
      1900 0.00063991
      2000 0.000697348
      2100 0.000756691
      2200 0.000817913
      2300 0.000880989
      2400 0.000945898
      2500 0.00101262
      2600 0.00108113
      2700 0.00115143
      2800 0.00122348
      2900 0.00129728
      3000 0.00137282
