       300 1.55203e-05
       400 2.61938e-05
       500 3.89543e-05
       600 5.35992e-05
       700 6.99805e-05
       800 8.79852e-05
       900 0.000107524
      1000 0.000128525
      1100 0.000150927
      1200 0.000174681
      1300 0.000199744
      1400 0.000226079
      1500 0.000253653
      1600 0.000282438
      1700 0.00031241
      1800 0.000343545
      1900 0.000375823
      2000 0.000409228
      2100 0.000443742
      2200 0.000479351
      2300 0.00051604
      2400 0.000553799
      2500 0.000592615
      2600 0.000632478
      2700 0.000673379
      2800 0.000715309
      2900 0.000758259
      3000 0.000802222
