       300 1.33223e-05
       400 2.2959e-05
       500 3.45957e-05
       600 4.80305e-05
       700 6.31149e-05
       800 7.97351e-05
       900 9.78016e-05
      1000 0.000117242
      1100 0.000137996
      1200 0.000160014
      1300 0.000183254
      1400 0.000207678
      1500 0.000233257
      1600 0.000259961
      1700 0.000287767
      1800 0.000316653
      1900 0.000346601
      2000 0.000377593
      2100 0.000409613
      2200 0.000442648
      2300 0.000476685
      2400 0.000511712
      2500 0.00054772
      2600 0.000584699
      2700 0.00062264
      2800 0.000661535
      2900 0.000701377
      3000 0.000742159
