       300 1.5727e-05
       400 2.72329e-05
       500 4.11631e-05
       600 5.72723e-05
       700 7.53794e-05
       800 9.53454e-05
       900 0.000117061
      1000 0.000140436
      1100 0.000165399
      1200 0.000191888
      1300 0.00021985
      1400 0.000249243
      1500 0.000280026
      1600 0.000312166
      1700 0.000345633
      1800 0.000380402
      1900 0.000416448
      2000 0.000453751
      2100 0.000492292
      2200 0.000532054
      2300 0.000573022
      2400 0.000615181
      2500 0.000658519
      2600 0.000703024
      2700 0.000748687
      2800 0.000795496
      2900 0.000843443
      3000 0.00089252
