       300 2.28782e-05
       400 3.81208e-05
       500 5.62465e-05
       600 7.69869e-05
       700 0.000100146
       800 0.000125574
       900 0.000153151
      1000 0.000182781
      1100 0.000214384
      1200 0.000247892
      1300 0.000283246
      1400 0.000320397
      1500 0.000359299
      1600 0.000399914
      1700 0.000442207
      1800 0.000486148
      1900 0.000531708
      2000 0.000578862
      2100 0.000627586
      2200 0.000677861
      2300 0.000729667
      2400 0.000782986
      2500 0.000837802
      2600  0.0008941
      2700 0.000951866
      2800 0.00101109
      2900 0.00107175
      3000 0.00113385
