       300 2.06515e-05
       400 3.41918e-05
       500 5.02533e-05
       600 6.86072e-05
       700 8.90861e-05
       800 0.000111562
       900 0.000135933
      1000 0.000162116
      1100 0.000190042
      1200 0.000219653
      1300 0.000250898
      1400 0.000283733
      1500 0.00031812
      1600 0.000354026
      1700 0.000391419
      1800 0.000430273
      1900 0.000470562
      2000 0.000512266
      2100 0.000555363
      2200 0.000599836
      2300 0.000645666
      2400 0.000692839
      2500 0.00074134
      2600 0.000791155
      2700 0.000842272
      2800 0.000894679
      2900 0.000948367
      3000 0.00100332
