       300 1.25029e-05
       400 2.15412e-05
       500 3.24537e-05
       600 4.50514e-05
       700 5.9195e-05
       800 7.47782e-05
       900 9.17167e-05
      1000 0.000109943
      1100 0.000129401
      1200 0.000150043
      1300 0.000171831
      1400 0.000194729
      1500 0.000218709
      1600 0.000243745
      1700 0.000269813
      1800 0.000296895
      1900 0.000324971
      2000 0.000354025
      2100 0.000384044
      2200 0.000415015
      2300 0.000446925
      2400 0.000479763
      2500 0.000513521
      2600 0.000548189
      2700 0.000583759
      2800 0.000620223
      2900 0.000657576
      3000 0.000695809
