       300 2.00015e-05
       400 3.39905e-05
       500 5.07664e-05
       600 7.00541e-05
       700 9.16521e-05
       800 0.000115407
       900 0.000141197
      1000 0.000168925
      1100 0.000198509
      1200 0.000229881
      1300 0.000262984
      1400 0.000297768
      1500 0.00033419
      1600 0.000372211
      1700 0.000411799
      1800 0.000452923
      1900 0.000495557
      2000 0.000539678
      2100 0.000585262
      2200 0.000632292
      2300 0.000680749
      2400 0.000730618
      2500 0.000781882
      2600 0.00083453
      2700 0.000888548
      2800 0.000943925
      2900 0.00100065
      3000 0.00105871
