       300 2.8818e-05
       400 4.71166e-05
       500 6.87331e-05
       600 9.3385e-05
       700 0.000120865
       800 0.000151014
       900 0.000183704
      1000 0.000218829
      1100 0.000256302
      1200 0.000296046
      1300 0.000337998
      1400 0.000382099
      1500  0.0004283
      1600 0.000476556
      1700 0.000526826
      1800 0.000579074
      1900 0.000633266
      2000 0.000689374
      2100 0.000747369
      2200 0.000807225
      2300 0.000868919
      2400 0.000932429
      2500 0.000997736
      2600 0.00106482
      2700 0.00113366
      2800 0.00120425
      2900 0.00127656
      3000 0.00135058
