       300 2.33956e-05
       400 3.9096e-05
       500 5.77882e-05
       600 7.91905e-05
       700 0.000103097
       800 0.000129352
       900 0.000157829
      1000 0.000188428
      1100 0.000221065
      1200 0.000255669
      1300 0.000292179
      1400 0.000330542
      1500 0.000370714
      1600 0.000412653
      1700 0.000456323
      1800 0.000501692
      1900 0.000548731
      2000 0.000597414
      2100 0.000647718
      2200 0.000699621
      2300 0.000753102
      2400 0.000808144
      2500 0.00086473
      2600 0.000922844
      2700 0.000982473
      2800  0.0010436
      2900 0.00110622
      3000 0.00117032
