       300 2.96678e-05
       400 4.87624e-05
       500 7.13537e-05
       600 9.71349e-05
       700 0.000125882
       800 0.000157422
       900 0.000191618
      1000 0.000228357
      1100 0.000267545
      1200 0.000309102
      1300 0.00035296
      1400 0.000399058
      1500 0.000447343
      1600 0.000497769
      1700 0.000550293
      1800 0.000604877
      1900 0.000661487
      2000 0.000720093
      2100 0.000780665
      2200 0.000843177
      2300 0.000907606
      2400 0.000973928
      2500 0.00104212
      2600 0.00111217
      2700 0.00118406
      2800 0.00125777
      2900 0.00133328
      3000 0.00141057
