       300 2.23414e-05
       400 3.83095e-05
       500 5.75418e-05
       600 7.97106e-05
       700 0.000104575
       800 0.000131952
       900 0.000161697
      1000 0.000193692
      1100 0.000227841
      1200 0.000264062
      1300 0.000302289
      1400 0.00034246
      1500 0.000384526
      1600 0.000428442
      1700 0.000474168
      1800 0.00052167
      1900 0.000570916
      2000 0.000621879
      2100 0.000674533
      2200 0.000728857
      2300 0.000784828
      2400 0.000842429
      2500 0.000901643
      2600 0.000962454
      2700 0.00102485
      2800 0.00108881
      2900 0.00115433
      3000  0.0012214
