       300 3.75987e-05
       400 6.21604e-05
       500 9.12796e-05
       600 0.000124545
       700 0.000161657
       800 0.000202384
       900 0.000246543
      1000 0.000293986
      1100 0.000344588
      1200 0.000398243
      1300 0.00045486
      1400 0.000514361
      1500 0.000576676
      1600 0.000641744
      1700 0.00070951
      1800 0.000779926
      1900 0.000852946
      2000 0.000928531
      2100 0.00100664
      2200 0.00108725
      2300 0.00117032
      2400 0.00125583
      2500 0.00134374
      2600 0.00143404
      2700  0.0015267
      2800  0.0016217
      2900 0.00171902
      3000 0.00181864
