       300 3.75991e-05
       400 6.21609e-05
       500 9.12804e-05
       600 0.000124546
       700 0.000161658
       800 0.000202385
       900 0.000246545
      1000 0.000293989
      1100 0.000344591
      1200 0.000398246
      1300 0.000454864
      1400 0.000514365
      1500 0.000576681
      1600 0.00064175
      1700 0.000709517
      1800 0.000779933
      1900 0.000852954
      2000 0.00092854
      2100 0.00100665
      2200 0.00108726
      2300 0.00117033
      2400 0.00125584
      2500 0.00134375
      2600 0.00143405
      2700 0.00152671
      2800 0.00162171
      2900 0.00171903
      3000 0.00181866
