       300 2.9475e-05
       400 4.85113e-05
       500 7.10438e-05
       600 9.67637e-05
       700 0.000125445
       800 0.000156915
       900 0.000191034
      1000 0.000227691
      1100 0.00026679
      1200 0.000308252
      1300 0.000352007
      1400 0.000397996
      1500 0.000446165
      1600 0.000496467
      1700 0.000548861
      1800 0.000603308
      1900 0.000659775
      2000 0.00071823
      2100 0.000778645
      2200 0.000840995
      2300 0.000905254
      2400  0.0009714
      2500 0.00103941
      2600 0.00110928
      2700 0.00118097
      2800 0.00125448
      2900 0.00132978
      3000 0.00140687
