       300 2.97997e-05
       400 4.89791e-05
       500 7.16708e-05
       600 9.75666e-05
       700 0.000126441
       800 0.000158121
       900 0.000192469
      1000 0.000229371
      1100 0.000268734
      1200 0.000310476
      1300 0.000354528
      1400 0.000400831
      1500 0.000449331
      1600 0.000499981
      1700 0.000552738
      1800 0.000607565
      1900 0.000664427
      2000 0.000723293
      2100 0.000784134
      2200 0.000846924
      2300 0.000911639
      2400 0.000978256
      2500 0.00104675
      2600 0.00111712
      2700 0.00118932
      2800 0.00126335
      2900  0.0013392
      3000 0.00141684
