       300 4.35784e-05
       400 7.13125e-05
       500 0.000104082
       600 0.000141458
       700 0.000183122
       800 0.000228832
       900 0.000278393
      1000 0.000331646
      1100 0.000388455
      1200 0.000448706
      1300 0.000512301
      1400 0.000579154
      1500 0.000649187
      1600 0.000722333
      1700 0.000798531
      1800 0.000877726
      1900 0.000959868
      2000 0.00104491
      2100 0.00113281
      2200 0.00122354
      2300 0.00131704
      2400 0.00141331
      2500 0.00151229
      2600 0.00161396
      2700 0.00171831
      2800 0.00182529
      2900  0.0019349
      3000  0.0020471
