       300 2.02035e-05
       400  3.355e-05
       500 4.93999e-05
       600 6.75229e-05
       700 8.77511e-05
       800 0.000109956
       900 0.000134035
      1000 0.000159905
      1100 0.000187497
      1200 0.000216753
      1300 0.000247622
      1400 0.000280061
      1500 0.000314031
      1600 0.000349499
      1700 0.000386434
      1800 0.00042481
      1900 0.000464602
      2000 0.000505789
      2100 0.00054835
      2200 0.000592266
      2300 0.000637522
      2400 0.000684102
      2500 0.000731991
      2600 0.000781176
      2700 0.000831645
      2800 0.000883387
      2900 0.00093639
      3000 0.000990646
