       300 1.59971e-05
       400 2.69604e-05
       500 4.00594e-05
       600 5.50876e-05
       700 7.1894e-05
       800 9.03636e-05
       900 0.000110405
      1000 0.000131945
      1100 0.000154923
      1200 0.000179286
      1300 0.000204992
      1400 0.000232001
      1500 0.000260282
      1600 0.000289806
      1700 0.000320546
      1800 0.00035248
      1900 0.000385587
      2000 0.000419849
      2100 0.000455249
      2200 0.000491772
      2300 0.000529404
      2400 0.000568132
      2500 0.000607946
      2600 0.000648833
      2700 0.000690785
      2800 0.000733792
      2900 0.000777845
      3000 0.000822938
