       300 1.15937e-05
       400 1.95914e-05
       500 2.91582e-05
       600 4.01412e-05
       700 5.24288e-05
       800 6.59356e-05
       900 8.05944e-05
      1000 9.63506e-05
      1100 0.000113159
      1200 0.000130982
      1300 0.000149787
      1400 0.000169547
      1500 0.000190236
      1600 0.000211834
      1700 0.000234322
      1800 0.000257683
      1900 0.000281902
      2000 0.000306965
      2100 0.000332861
      2200 0.000359578
      2300 0.000387106
      2400 0.000415436
      2500 0.000444559
      2600 0.000474468
      2700 0.000505155
      2800 0.000536614
      2900 0.000568839
      3000 0.000601824
