       300 1.70983e-05
       400 2.86905e-05
       500 4.25152e-05
       600 5.83592e-05
       700 7.60671e-05
       800  9.552e-05
       900 0.000116624
      1000 0.000139303
      1100 0.000163493
      1200 0.000189141
      1300 0.000216202
      1400 0.000244636
      1500 0.000274409
      1600 0.000305491
      1700 0.000337854
      1800 0.000371476
      1900 0.000406333
      2000 0.000442408
      2100 0.000479682
      2200 0.000518139
      2300 0.000557765
      2400 0.000598546
      2500 0.00064047
      2600 0.000683525
      2700 0.000727702
      2800 0.00077299
      2900 0.00081938
      3000 0.000866865
