       300 2.08578e-05
       400 3.44687e-05
       500 5.06027e-05
       600 6.90325e-05
       700 8.95922e-05
       800 0.000112154
       900 0.000136618
      1000  0.0001629
      1100 0.000190933
      1200 0.000220657
      1300 0.000252022
      1400 0.000284985
      1500 0.000319508
      1600 0.000355556
      1700 0.000393099
      1800 0.00043211
      1900 0.000472565
      2000 0.000514441
      2100 0.000557718
      2200 0.000602376
      2300  0.0006484
      2400 0.000695773
      2500 0.000744481
      2600 0.000794511
      2700 0.000845848
      2800 0.000898483
      2900 0.000952404
      3000  0.0010076
