       300 7.89517e-05
       400  0.0001285
       500 0.000186976
       600 0.000253644
       700 0.000327962
       800 0.000409508
       900 0.000497944
      1000 0.000592988
      1100 0.000694405
      1200 0.000801992
      1300 0.000915574
      1400 0.00103499
      1500 0.00116012
      1600 0.00129082
      1700 0.00142699
      1800 0.00156853
      1900 0.00171534
      2000 0.00186735
      2100 0.00202447
      2200 0.00218663
      2300 0.00235377
      2400 0.00252583
      2500 0.00270274
      2600 0.00288446
      2700 0.00307093
      2800 0.00326211
      2900 0.00345795
      3000  0.0036584
