       300 1.36551e-05
       400 2.34522e-05
       500 3.52617e-05
       600 4.88809e-05
       700 6.41614e-05
       800 8.09894e-05
       900 9.92753e-05
      1000 0.000118947
      1100 0.000139944
      1200 0.000162217
      1300 0.000185724
      1400 0.000210428
      1500 0.000236297
      1600 0.000263304
      1700 0.000291425
      1800 0.000320638
      1900 0.000350923
      2000 0.000382265
      2100 0.000414646
      2200 0.000448054
      2300 0.000482476
      2400 0.000517899
      2500 0.000554315
      2600 0.000591712
      2700 0.000630083
      2800 0.000669419
      2900 0.000709713
      3000 0.000750958
