       300 3.4616e-05
       400 5.69111e-05
       500 8.32914e-05
       600 0.000113398
       700 0.000146969
       800 0.000183801
       900 0.000223735
      1000 0.000266639
      1100 0.000312403
      1200 0.000360933
      1300 0.000412149
      1400 0.000465981
      1500 0.000522367
      1600 0.000581252
      1700 0.000642586
      1800 0.000706326
      1900 0.000772432
      2000 0.000840867
      2100 0.000911598
      2200 0.000984595
      2300 0.00105983
      2400 0.00113727
      2500 0.00121691
      2600  0.0012987
      2700 0.00138264
      2800 0.00146871
      2900 0.00155688
      3000 0.00164714
