       300 2.11525e-05
       400 3.49557e-05
       500 5.13176e-05
       600 7.00077e-05
       700 9.08578e-05
       800 0.000113739
       900 0.000138548
      1000 0.000165202
      1100 0.00019363
      1200 0.000223774
      1300 0.000255582
      1400 0.000289011
      1500 0.000324021
      1600 0.000360579
      1700 0.000398652
      1800 0.000438215
      1900 0.000479241
      2000 0.000521708
      2100 0.000565596
      2200 0.000610886
      2300 0.00065756
      2400 0.000705602
      2500 0.000754998
      2600 0.000805734
      2700 0.000857797
      2800 0.000911175
      2900 0.000965858
      3000 0.00102183
