       300 1.24898e-05
       400 2.15525e-05
       500 3.25037e-05
       600 4.51527e-05
       700 5.93589e-05
       800 7.50147e-05
       900 9.20351e-05
      1000 0.000110352
      1100 0.000129908
      1200 0.000150656
      1300 0.000172556
      1400 0.000195573
      1500 0.000219679
      1600 0.000244845
      1700 0.000271051
      1800 0.000298274
      1900 0.000326498
      2000 0.000355706
      2100 0.000385883
      2200 0.000417016
      2300 0.000449094
      2400 0.000482105
      2500 0.00051604
      2600 0.00055089
      2700 0.000586646
      2800 0.000623301
      2900 0.000660848
      3000 0.000699281
