       300 1.11406e-05
       400 1.92979e-05
       500 2.91759e-05
       600 4.06005e-05
       700 5.34431e-05
       800 6.76049e-05
       900 8.30082e-05
      1000 9.95897e-05
      1100 0.000117298
      1200 0.000136088
      1300 0.000155925
      1400 0.000176776
      1500 0.000198613
      1600 0.000221414
      1700 0.000245156
      1800 0.000269821
      1900 0.000295393
      2000 0.000321856
      2100 0.000349198
      2200 0.000377405
      2300 0.000406468
      2400 0.000436376
      2500 0.00046712
      2600 0.000498693
      2700 0.000531086
      2800 0.000564292
      2900 0.000598306
      3000 0.000633121
