       300 1.09579e-05
       400 1.94863e-05
       500 3.00072e-05
       600 4.23324e-05
       700 5.63161e-05
       800 7.18428e-05
       900 8.88186e-05
      1000 0.000107166
      1100 0.00012682
      1200 0.000147724
      1300 0.000169832
      1400  0.0001931
      1500 0.000217494
      1600 0.000242981
      1700 0.000269531
      1800 0.000297119
      1900 0.000325722
      2000 0.00035532
      2100 0.000385892
      2200 0.000417421
      2300 0.000449892
      2400 0.00048329
      2500 0.000517602
      2600 0.000552814
      2700 0.000588916
      2800 0.000625897
      2900 0.000663747
      3000 0.000702456
