       300 1.73875e-05
       400 2.96186e-05
       500 4.43026e-05
       600 6.11961e-05
       700 8.01209e-05
       800 0.000100941
       900 0.000123549
      1000 0.000147858
      1100 0.000173797
      1200 0.000201305
      1300 0.000230332
      1400 0.000260833
      1500 0.00029277
      1600 0.000326111
      1700 0.000360825
      1800 0.000396887
      1900 0.000434273
      2000 0.000472962
      2100 0.000512935
      2200 0.000554175
      2300 0.000596667
      2400 0.000640396
      2500 0.000685349
      2600 0.000731515
      2700 0.000778883
      2800 0.000827442
      2900 0.000877184
      3000  0.0009281
