       300 1.4596e-05
       400 2.48195e-05
       500 3.70834e-05
       600 5.11858e-05
       700 6.6979e-05
       800 8.43505e-05
       900 0.000103211
      1000 0.00012349
      1100 0.000145126
      1200 0.00016807
      1300 0.000192281
      1400 0.000217721
      1500 0.000244359
      1600 0.000272167
      1700 0.00030112
      1800 0.000331197
      1900 0.000362379
      2000 0.000394647
      2100 0.000427987
      2200 0.000462383
      2300 0.000497823
      2400 0.000534296
      2500 0.000571789
      2600 0.000610294
      2700 0.000649801
      2800 0.000690302
      2900 0.00073179
      3000 0.000774256
