       300 1.73891e-05
       400 2.96034e-05
       500 4.42632e-05
       600 6.11259e-05
       700 8.00143e-05
       800 0.000100793
       900 0.000123355
      1000 0.000147614
      1100 0.000173498
      1200 0.000200949
      1300 0.000229914
      1400 0.000260351
      1500 0.000292221
      1600 0.00032549
      1700 0.000360131
      1800 0.000396116
      1900 0.000433422
      2000 0.000472029
      2100 0.000511917
      2200 0.00055307
      2300 0.000595471
      2400 0.000639107
      2500 0.000683965
      2600 0.000730033
      2700 0.000777301
      2800 0.000825757
      2900 0.000875393
      3000 0.000926201
