       300 2.49913e-05
       400 4.18321e-05
       500 6.18957e-05
       600 8.48769e-05
       700 0.000110553
       800 0.000138754
       900 0.000169345
      1000 0.000202217
      1100 0.000237278
      1200 0.000274452
      1300 0.000313674
      1400 0.000354887
      1500 0.000398041
      1600 0.000443093
      1700 0.000490004
      1800 0.000538739
      1900 0.000589267
      2000 0.00064156
      2100 0.000695593
      2200 0.000751343
      2300 0.000808787
      2400 0.000867907
      2500 0.000928685
      2600 0.000991104
      2700 0.00105515
      2800 0.00112081
      2900 0.00118806
      3000  0.0012569
