       300 8.24599e-06
       400 1.43553e-05
       500 2.1775e-05
       600 3.03727e-05
       700 4.00499e-05
       800 5.07311e-05
       900 6.23564e-05
      1000 7.48771e-05
      1100 8.82533e-05
      1200 0.000102451
      1300 0.000117443
      1400 0.000133203
      1500 0.000149712
      1600 0.000166949
      1700 0.000184899
      1800 0.000203548
      1900 0.000222882
      2000 0.00024289
      2100 0.000263562
      2200 0.000284889
      2300 0.000306861
      2400 0.000329472
      2500 0.000352714
      2600 0.000376581
      2700 0.000401067
      2800 0.000426166
      2900 0.000451874
      3000 0.000478187
