       300 1.56774e-05
       400 2.6459e-05
       500 3.93487e-05
       600 5.41419e-05
       700 7.06891e-05
       800 8.8876e-05
       900 0.000108613
      1000 0.000129826
      1100 0.000152455
      1200 0.00017645
      1300 0.000201767
      1400 0.000228368
      1500 0.000256221
      1600 0.000285298
      1700 0.000315573
      1800 0.000347023
      1900 0.000379629
      2000 0.000413372
      2100 0.000448235
      2200 0.000484204
      2300 0.000521265
      2400 0.000559406
      2500 0.000598615
      2600 0.000638882
      2700 0.000680197
      2800 0.000722551
      2900 0.000765936
      3000 0.000810344
