       300 1.12721e-05
       400 1.95256e-05
       500 2.95203e-05
       600 4.10797e-05
       700 5.40739e-05
       800 6.84029e-05
       900 8.3988e-05
      1000 0.000100765
      1100 0.000118682
      1200 0.000137695
      1300 0.000157765
      1400 0.000178862
      1500 0.000200958
      1600 0.000224027
      1700 0.00024805
      1800 0.000273006
      1900 0.00029888
      2000 0.000325655
      2100 0.000353319
      2200 0.00038186
      2300 0.000411266
      2400 0.000441527
      2500 0.000472634
      2600 0.000504579
      2700 0.000537354
      2800 0.000570953
      2900 0.000605368
      3000 0.000640594
