       300 9.45456e-06
       400 1.67429e-05
       500 2.57015e-05
       600 3.61685e-05
       700 4.80202e-05
       800 6.11593e-05
       900 7.55074e-05
      1000 9.10003e-05
      1100 0.000107584
      1200 0.000125213
      1300 0.000143849
      1400 0.000163457
      1500 0.000184008
      1600 0.000205476
      1700 0.000227838
      1800 0.000251073
      1900 0.000275163
      2000 0.000300091
      2100 0.000325842
      2200 0.000352402
      2300 0.000379759
      2400 0.000407902
      2500 0.000436819
      2600 0.000466502
      2700 0.00049694
      2800 0.000528127
      2900 0.000560054
      3000 0.000592714
