       300 1.24431e-05
       400 2.14719e-05
       500 3.23823e-05
       600 4.4984e-05
       700 5.91371e-05
       800 7.47344e-05
       900 9.16912e-05
      1000 0.000109939
      1100 0.000129422
      1200 0.000150093
      1300 0.000171911
      1400 0.000194843
      1500 0.000218858
      1600 0.00024393
      1700 0.000270038
      1800 0.00029716
      1900 0.000325278
      2000 0.000354377
      2100 0.000384441
      2200 0.000415458
      2300 0.000447416
      2400 0.000480304
      2500 0.000514112
      2600 0.000548831
      2700 0.000584454
      2800 0.000620972
      2900 0.000658379
      3000 0.000696668
