       300 2.55456e-05
       400 4.27599e-05
       500 6.32684e-05
       600 8.67593e-05
       700 0.000113005
       800 0.000141831
       900 0.000173101
      1000 0.000206701
      1100 0.00024254
      1200 0.000280539
      1300 0.000320631
      1400 0.000362757
      1500 0.000406869
      1600 0.00045292
      1700 0.000500871
      1800 0.000550687
      1900 0.000602336
      2000 0.000655789
      2100 0.00071102
      2200 0.000768006
      2300 0.000826724
      2400 0.000887156
      2500 0.000949281
      2600 0.00101308
      2700 0.00107855
      2800 0.00114566
      2900 0.00121441
      3000 0.00128478
