       300 1.58596e-05
       400 2.66956e-05
       500 3.96355e-05
       600 5.44765e-05
       700 7.10708e-05
       800 8.93052e-05
       900 0.00010909
      1000 0.000130354
      1100 0.000153036
      1200 0.000177085
      1300 0.00020246
      1400 0.000229121
      1500 0.000257038
      1600 0.000286181
      1700 0.000316526
      1800 0.000348049
      1900 0.000380731
      2000 0.000414552
      2100 0.000449498
      2200 0.000485552
      2300 0.000522701
      2400 0.000560933
      2500 0.000600236
      2600 0.000640599
      2700 0.000682013
      2800 0.000724469
      2900 0.000767958
      3000 0.000812472
