       300 1.59991e-05
       400 2.69258e-05
       500 3.99731e-05
       600 5.49368e-05
       700 7.16678e-05
       800 9.00521e-05
       900    0.00011
      1000 0.000131438
      1100 0.000154306
      1200 0.000178553
      1300 0.000204135
      1400 0.000231016
      1500 0.000259162
      1600 0.000288544
      1700 0.000319138
      1800 0.000350919
      1900 0.000383869
      2000 0.000417969
      2100 0.000453201
      2200 0.000489551
      2300 0.000527006
      2400 0.000565551
      2500 0.000605177
      2600 0.000645872
      2700 0.000687626
      2800 0.00073043
      2900 0.000774276
      3000 0.000819157
