       300 9.86676e-05
       400 0.000168113
       500 0.000251494
       600 0.000347428
       700 0.000454902
       800 0.000573142
       900 0.000701538
      1000 0.000839596
      1100 0.000986911
      1200 0.00114314
      1300 0.00130799
      1400 0.00148122
      1500 0.00166261
      1600 0.00185197
      1700 0.00204913
      1800 0.00225394
      1900 0.00246627
      2000   0.002686
      2100 0.00291302
      2200 0.00314724
      2300 0.00338857
      2400 0.00363692
      2500 0.00389223
      2600 0.00415443
      2700 0.00442345
      2800 0.00469924
      2900 0.00498175
      3000 0.00527092
