       300 1.55468e-05
       400 2.62385e-05
       500 3.90208e-05
       600 5.36907e-05
       700   7.01e-05
       800 8.81355e-05
       900 0.000107708
      1000 0.000128744
      1100 0.000151185
      1200 0.00017498
      1300 0.000200085
      1400 0.000226465
      1500 0.000254086
      1600 0.000282921
      1700 0.000312943
      1800 0.000344131
      1900 0.000376465
      2000 0.000409927
      2100  0.0004445
      2200 0.000480169
      2300 0.000516922
      2400 0.000554745
      2500 0.000593627
      2600 0.000633559
      2700 0.000674529
      2800 0.00071653
      2900 0.000759554
      3000 0.000803592
