       300 2.69586e-05
       400 4.51252e-05
       500 6.67682e-05
       600 9.15585e-05
       700 0.000119256
       800 0.000149677
       900 0.000182676
      1000 0.000218135
      1100 0.000255956
      1200 0.000296057
      1300 0.000338366
      1400 0.000382824
      1500 0.000429375
      1600 0.000477973
      1700 0.000528577
      1800 0.000581148
      1900 0.000635654
      2000 0.000692064
      2100 0.000750351
      2200 0.000810489
      2300 0.000872455
      2400 0.000936229
      2500 0.00100179
      2600 0.00106912
      2700 0.00113821
      2800 0.00120904
      2900 0.00128159
      3000 0.00135585
