       300 3.36336e-05
       400 5.50766e-05
       500 8.04179e-05
       600 0.000109323
       700 0.000141546
       800 0.000176898
       900 0.000215227
      1000 0.00025641
      1100 0.000300343
      1200 0.000346938
      1300 0.000396116
      1400 0.000447813
      1500 0.000501968
      1600 0.000558529
      1700 0.00061745
      1800 0.000678686
      1900  0.0007422
      2000 0.000807957
      2100 0.000875925
      2200 0.000946073
      2300 0.00101837
      2400  0.0010928
      2500 0.00116934
      2600 0.00124795
      2700 0.00132863
      2800 0.00141135
      2900  0.0014961
      3000 0.00158285
