       300 2.74176e-05
       400 4.57703e-05
       500 6.76111e-05
       600 9.26128e-05
       700 0.000120537
       800  0.0001512
       900 0.000184458
      1000 0.000220194
      1100 0.000258309
      1200 0.000298721
      1300 0.000341359
      1400 0.000386163
      1500 0.000433078
      1600 0.000482058
      1700 0.000533061
      1800 0.000586048
      1900 0.000640987
      2000 0.000697847
      2100  0.0007566
      2200 0.000817221
      2300 0.000879686
      2400 0.000943975
      2500 0.00101007
      2600 0.00107795
      2700 0.00114759
      2800 0.00121899
      2900 0.00129213
      3000   0.001367
