       300 3.46687e-05
       400 5.71713e-05
       500 8.38248e-05
       600 0.000114259
       700 0.000148203
       800 0.00018545
       900 0.000225835
      1000 0.000269222
      1100 0.000315498
      1200 0.000364569
      1300 0.000416352
      1400 0.000470775
      1500 0.000527776
      1600 0.000587298
      1700 0.000649293
      1800 0.000713714
      1900 0.000780522
      2000 0.00084968
      2100 0.000921153
      2200 0.000994913
      2300 0.00107093
      2400 0.00114918
      2500 0.00122963
      2600 0.00131227
      2700 0.00139707
      2800 0.00148402
      2900 0.00157309
      3000 0.00166427
