       300 4.57218e-05
       400 7.57601e-05
       500 0.000111403
       600 0.000152138
       700 0.000197595
       800 0.000247486
       900 0.000301585
      1000 0.000359707
      1100 0.000421698
      1200 0.000487428
      1300 0.000556785
      1400 0.00062967
      1500   0.000706
      1600 0.000785698
      1700 0.000868697
      1800 0.000954937
      1900 0.00104436
      2000 0.00113693
      2100 0.00123258
      2200 0.00133129
      2300   0.001433
      2400  0.0015377
      2500 0.00164534
      2600  0.0017559
      2700 0.00186935
      2800 0.00198566
      2900 0.00210481
      3000 0.00222678
