       300 3.42125e-05
       400 5.62478e-05
       500 8.23207e-05
       600 0.000112076
       700 0.000145256
       800 0.000181659
       900 0.000221128
      1000 0.000263532
      1100 0.000308762
      1200 0.000356727
      1300 0.000407346
      1400 0.00046055
      1500 0.000516279
      1600 0.000574477
      1700 0.000635097
      1800 0.000698094
      1900 0.00076343
      2000 0.000831067
      2100 0.000900974
      2200 0.000973119
      2300 0.00104748
      2400 0.00112402
      2500 0.00120272
      2600 0.00128357
      2700 0.00136653
      2800 0.00145159
      2900 0.00153874
      3000 0.00162795
