       300 5.66435e-05
       400 9.28426e-05
       500 0.000135634
       600 0.000184449
       700 0.000238869
       800 0.000298574
       900 0.000363307
      1000 0.000432858
      1100 0.000507051
      1200 0.000585735
      1300 0.000668782
      1400 0.000756077
      1500 0.000847522
      1600 0.000943027
      1700 0.00104251
      1800 0.00114591
      1900 0.00125315
      2000 0.00136417
      2100 0.00147893
      2200 0.00159736
      2300 0.00171943
      2400 0.00184509
      2500 0.00197431
      2600 0.00210704
      2700 0.00224325
      2800 0.00238291
      2900 0.00252599
      3000 0.00267246
