       300 5.57455e-05
       400 9.13708e-05
       500 0.000133484
       600 0.000181525
       700 0.000235082
       800 0.000293841
       900 0.000357547
      1000 0.000425996
      1100 0.000499012
      1200 0.000576449
      1300 0.000658179
      1400 0.000744091
      1500 0.000834086
      1600 0.000928077
      1700 0.00102599
      1800 0.00112774
      1900 0.00123328
      2000 0.00134255
      2100 0.00145548
      2200 0.00157204
      2300 0.00169217
      2400 0.00181584
      2500 0.00194301
      2600 0.00207364
      2700 0.00220769
      2800 0.00234513
      2900 0.00248595
      3000  0.0026301
