       300 5.37188e-05
       400 8.80489e-05
       500 0.000128631
       600 0.000174925
       700 0.000226536
       800 0.000283158
       900 0.000344549
      1000 0.000410508
      1100 0.00048087
      1200 0.000555492
      1300 0.000634251
      1400 0.000717039
      1500 0.000803762
      1600 0.000894337
      1700 0.000988686
      1800 0.00108674
      1900 0.00118844
      2000 0.00129374
      2100 0.00140257
      2200 0.00151489
      2300 0.00163065
      2400 0.00174983
      2500 0.00187237
      2600 0.00199825
      2700 0.00212743
      2800 0.00225988
      2900 0.00239557
      3000 0.00253448
