       300 0.000187792
       400 0.000310954
       500 0.000457055
       600 0.000624012
       700 0.000810302
       800 0.00101476
       900 0.00123646
      1000 0.00147464
      1100 0.00172868
      1200 0.00199804
      1300 0.00228226
      1400 0.00258096
      1500 0.00289377
      1600 0.00322038
      1700 0.00356054
      1800 0.00391397
      1900 0.00428048
      2000 0.00465984
      2100 0.00505188
      2200 0.00545642
      2300 0.00587332
      2400 0.00630243
      2500 0.00674361
      2600 0.00719676
      2700 0.00766174
      2800 0.00813847
      2900 0.00862683
      3000 0.00912674
