       300 5.57841e-05
       400 9.14341e-05
       500 0.000133576
       600 0.00018165
       700 0.000235245
       800 0.000294044
       900 0.000357795
      1000 0.000426291
      1100 0.000499358
      1200 0.000576849
      1300 0.000658635
      1400 0.000744606
      1500 0.000834664
      1600 0.00092872
      1700  0.0010267
      1800 0.00112852
      1900 0.00123414
      2000 0.00134348
      2100 0.00145649
      2200 0.00157313
      2300 0.00169335
      2400  0.0018171
      2500 0.00194436
      2600 0.00207507
      2700 0.00220922
      2800 0.00234676
      2900 0.00248767
      3000 0.00263192
