       300 4.46569e-05
       400 7.39957e-05
       500 0.000108808
       600 0.000148595
       700 0.000192993
       800 0.000241722
       900 0.000294561
      1000 0.00035133
      1100 0.000411877
      1200 0.000476076
      1300 0.000543817
      1400 0.000615005
      1500 0.000689557
      1600 0.000767399
      1700 0.000848465
      1800 0.000932696
      1900 0.00102004
      2000 0.00111045
      2100 0.00120387
      2200 0.00130028
      2300 0.00139963
      2400 0.00150189
      2500 0.00160702
      2600 0.00171501
      2700 0.00182581
      2800 0.00193941
      2900 0.00205579
      3000 0.00217491
