       300 1.84729e-05
       400 3.10363e-05
       500 4.60273e-05
       600 6.32131e-05
       700 8.2424e-05
       800 0.00010353
       900 0.000126429
      1000 0.000151038
      1100 0.000177287
      1200 0.000205119
      1300 0.000234484
      1400 0.000265338
      1500 0.000297646
      1600 0.000331373
      1700 0.00036649
      1800 0.000402972
      1900 0.000440796
      2000 0.000479939
      2100 0.000520383
      2200 0.000562111
      2300 0.000605107
      2400 0.000649355
      2500 0.000694844
      2600 0.00074156
      2700 0.000789493
      2800 0.000838631
      2900 0.000888965
      3000 0.000940487
