       300 3.34876e-05
       400 5.5056e-05
       500 8.05764e-05
       600 0.000109702
       700 0.000142178
       800 0.00017781
       900 0.000216442
      1000 0.000257948
      1100 0.00030222
      1200 0.000349168
      1300 0.000398715
      1400 0.000450792
      1500 0.00050534
      1600 0.000562305
      1700 0.00062164
      1800 0.000683303
      1900 0.000747253
      2000 0.000813458
      2100 0.000881883
      2200  0.0009525
      2300 0.00102528
      2400  0.0011002
      2500 0.00117724
      2600 0.00125637
      2700 0.00133757
      2800 0.00142083
      2900 0.00150613
      3000 0.00159345
