       300 3.55399e-05
       400 5.88405e-05
       500 8.64794e-05
       600 0.000118063
       700 0.000153303
       800 0.000191979
       900 0.000233917
      1000 0.000278972
      1100 0.000327028
      1200 0.000377982
      1300 0.000431747
      1400 0.00048825
      1500 0.000547424
      1600 0.000609209
      1700 0.000673555
      1800 0.000740415
      1900 0.000809746
      2000 0.00088151
      2100 0.000955672
      2200  0.0010322
      2300 0.00111106
      2400 0.00119224
      2500  0.0012757
      2600 0.00136142
      2700 0.00144938
      2800 0.00153957
      2900 0.00163195
      3000 0.00172652
