       300 3.94926e-05
       400 6.80054e-05
       500 0.000102421
       600 0.000142145
       700 0.000186738
       800 0.000235866
       900 0.000289264
      1000 0.000346719
      1100 0.000408055
      1200 0.000473124
      1300 0.000541801
      1400 0.000613979
      1500 0.000689566
      1600 0.000768479
      1700 0.000850648
      1800 0.000936008
      1900  0.0010245
      2000 0.00111609
      2100 0.00121071
      2200 0.00130833
      2300 0.00140891
      2400 0.00151241
      2500 0.00161882
      2600  0.0017281
      2700 0.00184021
      2800 0.00195515
      2900 0.00207289
      3000  0.0021934
