       300 5.48328e-05
       400 8.98748e-05
       500 0.000131299
       600 0.000178553
       700 0.000231233
       800 0.00028903
       900 0.000351694
      1000 0.000419021
      1100 0.000490842
      1200 0.000567012
      1300 0.000647404
      1400 0.000731909
      1500 0.000820431
      1600 0.000912883
      1700 0.00100919
      1800 0.00110928
      1900 0.00121309
      2000 0.00132057
      2100 0.00143165
      2200  0.0015463
      2300 0.00166447
      2400 0.00178611
      2500  0.0019112
      2600 0.00203969
      2700 0.00217154
      2800 0.00230674
      2900 0.00244525
      3000 0.00258703
