       300 2.25057e-05
       400  3.839e-05
       500 5.74726e-05
       600 7.9435e-05
       700 0.000104044
       800 0.000131122
       900 0.000160529
      1000 0.00019215
      1100 0.000225893
      1200 0.000261679
      1300 0.000299441
      1400 0.000339122
      1500 0.000380673
      1600 0.000424049
      1700 0.000469212
      1800 0.000516128
      1900 0.000564766
      2000  0.0006151
      2100 0.000667105
      2200 0.000720758
      2300 0.000776039
      2400 0.00083293
      2500 0.000891414
      2600 0.000951476
      2700  0.0010131
      2800 0.00107628
      2900 0.00114099
      3000 0.00120723
