       300 2.37562e-05
       400 3.98516e-05
       500 5.90445e-05
       600 8.10396e-05
       700 0.000105621
       800 0.000132625
       900 0.00016192
      1000  0.0001934
      1100 0.000226979
      1200 0.000262581
      1300 0.000300145
      1400 0.000339615
      1500 0.000380943
      1600 0.000424088
      1700 0.000469012
      1800 0.000515683
      1900 0.00056407
      2000 0.000614146
      2100 0.000665887
      2200 0.00071927
      2300 0.000774276
      2400 0.000830886
      2500 0.000889082
      2600 0.000948849
      2700 0.00101017
      2800 0.00107304
      2900 0.00113744
      3000 0.00120335
