       300 2.54229e-05
       400 4.37683e-05
       500 6.59095e-05
       600 9.14635e-05
       700 0.000120149
       800 0.00015175
       900 0.000186098
      1000 0.000223054
      1100 0.000262506
      1200 0.000304359
      1300 0.000348532
      1400 0.000394958
      1500 0.000443575
      1600 0.000494332
      1700 0.000547183
      1800 0.000602086
      1900 0.000659007
      2000 0.000717911
      2100 0.000778771
      2200 0.00084156
      2300 0.000906253
      2400 0.00097283
      2500 0.00104127
      2600 0.00111155
      2700 0.00118367
      2800  0.0012576
      2900 0.00133333
      3000 0.00141084
