       300 2.13043e-05
       400 3.84722e-05
       500 6.00869e-05
       600 8.58239e-05
       700 0.000115407
       800 0.000148601
       900 0.000185202
      1000 0.00022503
      1100 0.000267929
      1200 0.000313758
      1300 0.000362394
      1400 0.000413722
      1500 0.000467641
      1600 0.000524057
      1700 0.000582884
      1800 0.000644045
      1900 0.000707465
      2000 0.000773079
      2100 0.000840823
      2200 0.00091064
      2300 0.000982474
      2400 0.00105627
      2500 0.00113199
      2600 0.00120958
      2700 0.00128901
      2800 0.00137022
      2900 0.00145318
      3000 0.00153786
