       300 2.22777e-05
       400 3.86436e-05
       500 5.84775e-05
       600 8.14286e-05
       700 0.000107237
       800 0.000135704
       900 0.000166671
      1000 0.000200012
      1100 0.000235621
      1200 0.00027341
      1300 0.000313305
      1400 0.000355241
      1500 0.000399163
      1600 0.000445023
      1700 0.000492777
      1800 0.000542388
      1900 0.000593823
      2000 0.000647051
      2100 0.000702045
      2200 0.000758781
      2300 0.000817237
      2400 0.000877392
      2500 0.000939229
      2600 0.00100273
      2700 0.00106788
      2800 0.00113467
      2900 0.00120308
      3000  0.0012731
