       300 2.26906e-05
       400 3.91064e-05
       500 5.89298e-05
       600 8.18169e-05
       700 0.000107514
       800 0.000135829
       900 0.000166607
      1000 0.000199726
      1100 0.000235083
      1200 0.000272594
      1300 0.000312186
      1400 0.000353797
      1500 0.000397373
      1600 0.000442868
      1700 0.00049024
      1800 0.000539452
      1900 0.000590472
      2000 0.000643271
      2100 0.000697822
      2200 0.000754101
      2300 0.000812089
      2400 0.000871763
      2500 0.000933108
      2600 0.000996107
      2700 0.00106074
      2800 0.00112701
      2900 0.00119488
      3000 0.00126436
