       300 2.3099e-05
       400 4.03733e-05
       500 6.14052e-05
       600 8.58164e-05
       700 0.000113325
       800 0.000143712
       900 0.000176805
      1000 0.000212464
      1100 0.000250572
      1200 0.000291033
      1300 0.000333763
      1400 0.000378691
      1500 0.000425756
      1600 0.000474904
      1700 0.000526087
      1800 0.000579263
      1900 0.000634394
      2000 0.000691447
      2100 0.000750391
      2200  0.0008112
      2300 0.000873848
      2400 0.000938313
      2500 0.00100457
      2600 0.00107261
      2700 0.00114241
      2800 0.00121396
      2900 0.00128723
      3000 0.00136223
