       300 3.14373e-05
       400 5.35976e-05
       500 8.02132e-05
       600 0.000110841
       700 0.000145157
       800 0.000182913
       900 0.000223914
      1000 0.000268002
      1100 0.000315047
      1200 0.00036494
      1300 0.000417587
      1400 0.00047291
      1500 0.000530839
      1600 0.000591312
      1700 0.000654277
      1800 0.000719686
      1900 0.000787497
      2000 0.000857671
      2100 0.000930174
      2200 0.00100498
      2300 0.00108205
      2400 0.00116136
      2500  0.0012429
      2600 0.00132664
      2700 0.00141255
      2800 0.00150063
      2900 0.00159085
      3000  0.0016832
