       300 2.24039e-05
       400 3.86123e-05
       500 5.81853e-05
       600 8.07832e-05
       700 0.000106156
       800 0.000134113
       900 0.000164502
      1000 0.000197202
      1100 0.000232113
      1200 0.00026915
      1300 0.000308242
      1400 0.000349327
      1500 0.000392353
      1600 0.000437273
      1700 0.000484046
      1800 0.000532637
      1900 0.000583012
      2000 0.000635144
      2100 0.000689005
      2200 0.000744574
      2300 0.000801828
      2400 0.000860749
      2500 0.000921319
      2600 0.000983522
      2700 0.00104734
      2800 0.00111277
      2900 0.00117979
      3000 0.00124839
