       300 1.31273e-05
       400 2.36733e-05
       500 3.69121e-05
       600 5.26364e-05
       700 7.06734e-05
       800 9.0877e-05
       900 0.000113122
      1000 0.000137301
      1100 0.00016332
      1200 0.000191094
      1300 0.00022055
      1400 0.000251622
      1500 0.000284249
      1600 0.000318378
      1700 0.000353958
      1800 0.000390944
      1900 0.000429295
      2000 0.000468972
      2100 0.000509939
      2200 0.000552163
      2300 0.000595614
      2400 0.000640261
      2500 0.000686079
      2600 0.000733041
      2700 0.000781123
      2800 0.000830303
      2900 0.00088056
      3000 0.000931873
