       300 1.62148e-05
       400 2.8804e-05
       500 4.43195e-05
       600 6.24829e-05
       700 8.30793e-05
       800 0.000105939
       900 0.000130923
      1000 0.00015792
      1100 0.000186833
      1200 0.000217581
      1300 0.000250094
      1400 0.000284313
      1500 0.000320183
      1600 0.000357659
      1700 0.000396697
      1800 0.000437262
      1900 0.000479319
      2000 0.000522837
      2100 0.00056779
      2200 0.000614152
      2300 0.000661901
      2400 0.000711015
      2500 0.000761474
      2600 0.000813261
      2700 0.00086636
      2800 0.000920755
      2900 0.000976431
      3000 0.00103338
