       300 2.03608e-05
       400 3.32676e-05
       500 4.85121e-05
       600 6.58963e-05
       700 8.52748e-05
       800 0.000106535
       900 0.000129588
      1000 0.000154359
      1100 0.000180785
      1200 0.000208815
      1300 0.000238402
      1400 0.000269506
      1500 0.000302091
      1600 0.000336126
      1700 0.000371582
      1800 0.000408434
      1900 0.000446658
      2000 0.000486233
      2100 0.000527139
      2200 0.000569358
      2300 0.000612873
      2400 0.00065767
      2500 0.000703734
      2600 0.00075105
      2700 0.000799608
      2800 0.000849394
      2900 0.000900398
      3000 0.00095261
