       300 2.26058e-05
       400 3.73442e-05
       500 5.48126e-05
       600 7.47652e-05
       700 9.70229e-05
       800 0.000121448
       900 0.000147932
      1000 0.000176384
      1100 0.000206731
      1200 0.000238909
      1300 0.000272865
      1400 0.00030855
      1500 0.000345924
      1600 0.00038495
      1700 0.000425595
      1800 0.000467829
      1900 0.000511627
      2000 0.000556963
      2100 0.000603816
      2200 0.000652166
      2300 0.000701994
      2400 0.000753283
      2500 0.000806018
      2600 0.000860183
      2700 0.000915765
      2800 0.000972751
      2900 0.00103113
      3000 0.00109089
