       300 2.49758e-05
       400 4.12914e-05
       500 6.06345e-05
       600 8.27319e-05
       700 0.000107384
       800 0.000134438
       900 0.000163772
      1000 0.000195287
      1100  0.0002289
      1200 0.000264542
      1300 0.000302151
      1400 0.000341676
      1500 0.00038307
      1600 0.000426293
      1700 0.000471308
      1800 0.000518083
      1900 0.000566589
      2000 0.000616798
      2100 0.000668686
      2200 0.000722231
      2300 0.000777412
      2400 0.000834211
      2500 0.00089261
      2600 0.000952592
      2700 0.00101414
      2800 0.00107725
      2900  0.0011419
      3000 0.00120807
