       300 2.25059e-05
       400 3.71667e-05
       500 5.45408e-05
       600 7.43845e-05
       700  9.652e-05
       800 0.000120811
       900 0.000147148
      1000 0.000175443
      1100 0.000205623
      1200 0.000237624
      1300 0.000271393
      1400 0.000306882
      1500 0.000344051
      1600 0.000382863
      1700 0.000423285
      1800 0.000465289
      1900 0.000508847
      2000 0.000553937
      2100 0.000600535
      2200 0.000648622
      2300 0.000698179
      2400 0.00074919
      2500 0.000801638
      2600 0.000855509
      2700 0.000910791
      2800 0.000967469
      2900 0.00102553
      3000 0.00108497
