       300 2.07684e-05
       400 3.40839e-05
       500 4.98302e-05
       600 6.77959e-05
       700 8.78261e-05
       800 0.000109802
       900 0.000133628
      1000 0.000159227
      1100 0.000186533
      1200 0.000215492
      1300 0.000246054
      1400 0.000278179
      1500 0.00031183
      1600 0.000346974
      1700 0.000383582
      1800 0.000421627
      1900 0.000461085
      2000 0.000501935
      2100 0.000544157
      2200 0.000587732
      2300 0.000632644
      2400 0.000678878
      2500 0.000726417
      2600 0.00077525
      2700 0.000825363
      2800 0.000876746
      2900 0.000929386
      3000 0.000983274
