       300 1.74489e-05
       400 2.90207e-05
       500 4.27714e-05
       600 5.84993e-05
       700 7.60574e-05
       800 9.5333e-05
       900 0.000116237
      1000 0.000138696
      1100 0.000162651
      1200 0.000188049
      1300 0.000214847
      1400 0.000243008
      1500 0.000272497
      1600 0.000303285
      1700 0.000335347
      1800 0.000368658
      1900 0.000403198
      2000 0.000438947
      2100 0.000475888
      2200 0.000514005
      2300 0.000553283
      2400 0.00059371
      2500 0.000635272
      2600 0.000677959
      2700 0.00072176
      2800 0.000766664
      2900 0.000812663
      3000 0.000859748
