       300  2.051e-05
       400 3.35334e-05
       500 4.8918e-05
       600 6.6463e-05
       700 8.60211e-05
       800 0.000107478
       900 0.000130744
      1000 0.000155743
      1100 0.000182412
      1200 0.000210699
      1300 0.000240556
      1400 0.000271944
      1500 0.000304825
      1600 0.000339169
      1700 0.000374947
      1800 0.000412132
      1900 0.000450702
      2000 0.000490634
      2100 0.000531909
      2200 0.00057451
      2300 0.000618418
      2400 0.000663619
      2500 0.000710098
      2600 0.000757842
      2700 0.000806838
      2800 0.000857074
      2900 0.00090854
      3000 0.000961224
