       300 1.37373e-05
       400 2.33451e-05
       500 3.48671e-05
       600 4.81141e-05
       700 6.29479e-05
       800 7.9263e-05
       900 9.6976e-05
      1000 0.00011602
      1100 0.000136338
      1200 0.000157885
      1300 0.000180621
      1400 0.000204511
      1500 0.000229526
      1600 0.00025564
      1700 0.000282829
      1800 0.000311074
      1900 0.000340355
      2000 0.000370658
      2100 0.000401966
      2200 0.000434267
      2300 0.000467548
      2400 0.000501798
      2500 0.000537007
      2600 0.000573166
      2700 0.000610266
      2800  0.0006483
      2900 0.000687259
      3000 0.000727138
