       300 2.07666e-05
       400 3.41322e-05
       500 4.99454e-05
       600 6.79916e-05
       700 8.81135e-05
       800 0.000110191
       900 0.000134127
      1000 0.000159843
      1100 0.000187273
      1200 0.000216362
      1300 0.000247061
      1400 0.000279329
      1500 0.000313127
      1600 0.000348423
      1700 0.000385188
      1800 0.000423396
      1900 0.000463021
      2000 0.000504044
      2100 0.000546442
      2200 0.000590199
      2300 0.000635297
      2400 0.000681721
      2500 0.000729456
      2600 0.000778488
      2700 0.000828807
      2800 0.000880399
      2900 0.000933253
      3000 0.00098736
