       300 1.5754e-05
       400 2.62945e-05
       500 3.88374e-05
       600 5.31949e-05
       700 6.92301e-05
       800 8.68383e-05
       900 0.000105936
      1000 0.000126457
      1100 0.000148344
      1200 0.00017155
      1300 0.000196034
      1400 0.000221762
      1500 0.000248702
      1600 0.000276828
      1700 0.000306116
      1800 0.000336544
      1900 0.000368092
      2000 0.000400743
      2100 0.000434482
      2200 0.000469293
      2300 0.000505163
      2400 0.000542081
      2500 0.000580034
      2600 0.000619013
      2700 0.000659008
      2800 0.00070001
      2900 0.000742011
      3000 0.000785003
