       300 2.89155e-05
       400 4.72452e-05
       500 6.88947e-05
       600 9.3583e-05
       700 0.000121103
       800 0.000151297
       900 0.000184035
      1000 0.000219213
      1100 0.000256743
      1200 0.00029655
      1300 0.000338568
      1400 0.00038274
      1500 0.000429016
      1600 0.000477351
      1700 0.000527704
      1800 0.000580039
      1900 0.000634323
      2000 0.000690526
      2100 0.000748618
      2200 0.000808576
      2300 0.000870375
      2400 0.000933993
      2500 0.000999411
      2600 0.00106661
      2700 0.00113557
      2800 0.00120627
      2900 0.00127871
      3000 0.00135285
