       300 1.98052e-05
       400 3.28887e-05
       500 4.84261e-05
       600 6.61919e-05
       700 8.60213e-05
       800 0.000107788
       900 0.000131393
      1000 0.000156753
      1100 0.000183801
      1200 0.000212481
      1300 0.000242741
      1400 0.00027454
      1500 0.000307841
      1600 0.000342609
      1700 0.000378817
      1800 0.000416436
      1900 0.000455444
      2000 0.000495819
      2100 0.000537541
      2200 0.000580592
      2300 0.000624955
      2400 0.000670617
      2500 0.000717561
      2600 0.000765777
      2700 0.000815251
      2800 0.000865973
      2900 0.000917932
      3000 0.000971118
