       300 2.2549e-05
       400 3.74892e-05
       500 5.52397e-05
       600 7.55411e-05
       700 9.82038e-05
       800 0.000123083
       900 0.000150063
      1000 0.000179051
      1100 0.000209968
      1200 0.000242749
      1300 0.000277337
      1400 0.000313683
      1500 0.000351745
      1600 0.000391483
      1700 0.000432865
      1800 0.000475861
      1900 0.000520442
      2000 0.000566584
      2100 0.000614266
      2200 0.000663465
      2300 0.000714164
      2400 0.000766345
      2500 0.000819992
      2600 0.000875091
      2700 0.000931627
      2800 0.000989589
      2900 0.00104896
      3000 0.00110974
