       300 1.55974e-05
       400 2.67464e-05
       500 4.01746e-05
       600 5.56533e-05
       700 7.30146e-05
       800 9.21301e-05
       900 0.000112899
      1000 0.000135239
      1100 0.000159083
      1200 0.000184374
      1300 0.000211065
      1400 0.000239114
      1500 0.000268486
      1600 0.00029915
      1700 0.000331078
      1800 0.000364246
      1900 0.000398631
      2000 0.000434215
      2100 0.000470981
      2200 0.000508911
      2300 0.000547992
      2400 0.000588212
      2500 0.000629557
      2600 0.000672018
      2700 0.000715583
      2800 0.000760245
      2900 0.000805995
      3000 0.000852824
