       300 1.13558e-05
       400 1.91895e-05
       500  2.856e-05
       600 3.93177e-05
       700 5.13532e-05
       800 6.45829e-05
       900 7.8941e-05
      1000 9.43739e-05
      1100 0.000110838
      1200 0.000128295
      1300 0.000146714
      1400 0.000166068
      1500 0.000186333
      1600 0.000207488
      1700 0.000229514
      1800 0.000252396
      1900 0.000276118
      2000 0.000300667
      2100 0.000326032
      2200 0.000352201
      2300 0.000379164
      2400 0.000406912
      2500 0.000435438
      2600 0.000464733
      2700 0.000494791
      2800 0.000525605
      2900 0.000557169
      3000 0.000589477
