       300 2.06205e-05
       400 3.40766e-05
       500 5.0027e-05
       600 6.82471e-05
       700 8.85729e-05
       800 0.000110878
       900 0.000135064
      1000 0.000161047
      1100 0.00018876
      1200 0.000218146
      1300 0.000249155
      1400 0.000281743
      1500 0.000315873
      1600 0.00035151
      1700 0.000388627
      1800 0.000427194
      1900 0.000467188
      2000 0.000508588
      2100 0.000551372
      2200 0.000595523
      2300 0.000641023
      2400 0.000687857
      2500 0.000736011
      2600 0.000785471
      2700 0.000836225
      2800 0.00088826
      2900 0.000941568
      3000 0.000996136
