       300 2.07873e-05
       400 3.42913e-05
       500 5.02882e-05
       600 6.85552e-05
       700 8.89298e-05
       800 0.000111287
       900 0.000135528
      1000 0.00016157
      1100 0.000189347
      1200 0.000218802
      1300 0.000249884
      1400 0.00028255
      1500 0.000316763
      1600 0.00035249
      1700  0.0003897
      1800 0.000428366
      1900 0.000468465
      2000 0.000509973
      2100 0.000552872
      2200 0.000597142
      2300 0.000642766
      2400 0.00068973
      2500 0.000738017
      2600 0.000787616
      2700 0.000838513
      2800 0.000890697
      2900 0.000944156
      3000 0.000998881
