       300 1.24827e-05
       400 2.20931e-05
       500 3.39004e-05
       600 4.76913e-05
       700 6.33026e-05
       800 8.06066e-05
       900 9.95001e-05
      1000 0.000119899
      1100 0.000141732
      1200 0.00016494
      1300 0.000189471
      1400 0.000215281
      1500 0.000242332
      1600 0.00027059
      1700 0.000300023
      1800 0.000330606
      1900 0.000362314
      2000 0.000395125
      2100 0.000429019
      2200 0.00046398
      2300 0.000499989
      2400 0.000537034
      2500 0.000575098
      2600 0.000614171
      2700 0.000654241
      2800 0.000695296
      2900 0.000737326
      3000 0.000780324
