       300 1.74652e-05
       400 2.93486e-05
       500 4.35291e-05
       600 5.97865e-05
       700  7.796e-05
       800 9.79268e-05
       900 0.00011959
      1000 0.00014287
      1100 0.000167703
      1200 0.000194033
      1300 0.000221813
      1400 0.000251002
      1500 0.000281566
      1600 0.000313473
      1700 0.000346695
      1800 0.000381208
      1900 0.00041699
      2000 0.00045402
      2100 0.000492282
      2200 0.000531757
      2300 0.000572432
      2400 0.000614292
      2500 0.000657326
      2600 0.00070152
      2700 0.000746865
      2800 0.000793351
      2900 0.000840968
      3000 0.000889709
