       300 1.24302e-05
       400 2.14159e-05
       500 3.2265e-05
       600 4.47895e-05
       700 5.88509e-05
       800 7.43434e-05
       900 9.11835e-05
      1000 0.000109304
      1100 0.000128648
      1200 0.000149171
      1300 0.000170832
      1400 0.000193597
      1500 0.000217438
      1600 0.000242328
      1700 0.000268245
      1800 0.000295168
      1900 0.000323081
      2000 0.000351967
      2100 0.000381811
      2200 0.000412602
      2300 0.000444326
      2400 0.000476974
      2500 0.000510535
      2600 0.000545002
      2700 0.000580365
      2800 0.000616617
      2900 0.000653752
      3000 0.000691763
