       300 1.25213e-05
       400 2.16104e-05
       500 3.25946e-05
       600 4.52824e-05
       700 5.95327e-05
       800 7.52375e-05
       900 9.23116e-05
      1000 0.000110686
      1100 0.000130304
      1200 0.000151118
      1300 0.000173088
      1400 0.000196179
      1500 0.000220361
      1600 0.000245608
      1700 0.000271898
      1800 0.000299208
      1900 0.000327522
      2000 0.000356823
      2100 0.000387097
      2200 0.00041833
      2300 0.00045051
      2400 0.000483627
      2500 0.00051767
      2600 0.000552631
      2700 0.000588502
      2800 0.000625274
      2900 0.000662941
      3000 0.000701497
