       300 7.45476e-05
       400 0.00012251
       500 0.000179252
       600 0.000244006
       700 0.000316207
       800 0.000395424
       900 0.00048131
      1000 0.000573585
      1100 0.000672011
      1200 0.000776388
      1300 0.000886543
      1400 0.00100233
      1500  0.0011236
      1600 0.00125025
      1700 0.00138218
      1800 0.00151928
      1900 0.00166147
      2000 0.00180867
      2100  0.0019608
      2200 0.00211782
      2300 0.00227964
      2400 0.00244623
      2500 0.00261752
      2600 0.00279347
      2700 0.00297402
      2800 0.00315915
      2900 0.00334882
      3000 0.00354297
