       300 1.24308e-05
       400  2.187e-05
       500 3.34139e-05
       600 4.68534e-05
       700 6.20309e-05
       800 7.88238e-05
       900 9.71342e-05
      1000 0.000116882
      1100 0.000138002
      1200 0.000160437
      1300 0.00018414
      1400 0.00020907
      1500 0.000235191
      1600 0.000262472
      1700 0.000290886
      1800 0.000320407
      1900 0.000351015
      2000 0.000382689
      2100 0.000415411
      2200 0.000449165
      2300 0.000483938
      2400 0.000519714
      2500 0.000556484
      2600 0.000594234
      2700 0.000632955
      2800 0.000672638
      2900 0.000713274
      3000 0.000754854
