       300 1.72083e-05
       400 2.89854e-05
       500 4.30532e-05
       600 5.91906e-05
       700 7.72361e-05
       800 9.70664e-05
       900 0.000118584
      1000 0.00014171
      1100 0.000166378
      1200 0.000192535
      1300 0.000220132
      1400 0.00024913
      1500 0.000279492
      1600 0.000311188
      1700 0.000344191
      1800 0.000378475
      1900 0.000414019
      2000 0.000450803
      2100 0.000488809
      2200 0.000528021
      2300 0.000568423
      2400 0.000610003
      2500 0.000652748
      2600 0.000696645
      2700 0.000741686
      2800 0.000787859
      2900 0.000835156
      3000 0.000883569
