       300 1.25802e-05
       400 2.16743e-05
       500 3.26543e-05
       600 4.53298e-05
       700 5.95608e-05
       800 7.52402e-05
       900 9.22834e-05
      1000 0.000110622
      1100  0.0001302
      1200 0.00015097
      1300 0.000172893
      1400 0.000195933
      1500 0.000220061
      1600 0.000245251
      1700 0.000271481
      1800 0.000298729
      1900 0.000326979
      2000 0.000356213
      2100 0.000386417
      2200 0.000417579
      2300 0.000449686
      2400 0.000482728
      2500 0.000516694
      2600 0.000551576
      2700 0.000587366
      2800 0.000624056
      2900 0.000661639
      3000 0.000700109
