       300 1.76414e-05
       400 2.9374e-05
       500 4.33218e-05
       600 5.92791e-05
       700 7.70958e-05
       800 9.66567e-05
       900 0.000117871
      1000 0.000140664
      1100 0.000164974
      1200 0.00019075
      1300 0.000217946
      1400 0.000246525
      1500 0.000276451
      1600 0.000307695
      1700 0.00034023
      1800 0.000374033
      1900 0.000409083
      2000 0.000445358
      2100 0.000482843
      2200 0.00052152
      2300 0.000561376
      2400 0.000602396
      2500 0.000644568
      2600 0.00068788
      2700 0.000732322
      2800 0.000777884
      2900 0.000824556
      3000 0.000872329
