       300 2.95532e-05
       400 4.92826e-05
       500 7.27517e-05
       600 9.96109e-05
       700 0.000129605
       800 0.00016254
       900 0.00019826
      1000 0.00023664
      1100 0.000277575
      1200 0.000320977
      1300 0.000366771
      1400 0.00041489
      1500 0.000465279
      1600 0.000517885
      1700 0.000572665
      1800 0.000629577
      1900 0.000688586
      2000 0.000749659
      2100 0.000812766
      2200 0.00087788
      2300 0.000944976
      2400 0.00101403
      2500 0.00108503
      2600 0.00115794
      2700 0.00123275
      2800 0.00130945
      2900 0.00138801
      3000 0.00146844
