       300 1.39037e-05
       400 2.38282e-05
       500 3.57782e-05
       600 4.95505e-05
       700 6.49961e-05
       800 8.20011e-05
       900 0.000100476
      1000 0.000120347
      1100 0.000141556
      1200 0.000164052
      1300 0.000187793
      1400 0.000212741
      1500 0.000238866
      1600 0.00026614
      1700 0.000294537
      1800 0.000324038
      1900 0.000354621
      2000 0.000386271
      2100 0.000418972
      2200 0.000452708
      2300 0.000487469
      2400 0.000523241
      2500 0.000560015
      2600 0.000597781
      2700 0.00063653
      2800 0.000676254
      2900 0.000716945
      3000 0.000758597
