       300 2.51494e-05
       400 4.28359e-05
       500 6.40685e-05
       600 8.84953e-05
       700 0.000115859
       800 0.000145962
       900 0.00017865
      1000 0.000213798
      1100 0.000251301
      1200 0.000291074
      1300 0.000333042
      1400 0.000377142
      1500 0.000423319
      1600 0.000471525
      1700 0.000521716
      1800 0.000573856
      1900 0.00062791
      2000 0.000683848
      2100 0.000741643
      2200 0.00080127
      2300 0.000862706
      2400 0.000925932
      2500 0.000990928
      2600 0.00105768
      2700 0.00112616
      2800 0.00119637
      2900 0.00126829
      3000 0.00134191
