       300 2.47925e-05
       400 4.2435e-05
       500 6.36647e-05
       600 8.81223e-05
       700 0.000115545
       800 0.000145731
       900 0.000178521
      1000 0.000213789
      1100 0.000251428
      1200 0.000291349
      1300 0.000333478
      1400 0.00037775
      1500 0.000424108
      1600 0.000472505
      1700 0.000522896
      1800 0.000575243
      1900 0.000629513
      2000 0.000685674
      2100 0.000743699
      2200 0.000803563
      2300 0.000865244
      2400 0.000928721
      2500 0.000993975
      2600 0.00106099
      2700 0.00112975
      2800 0.00120024
      2900 0.00127244
      3000 0.00134635
