       300 2.1714e-05
       400 3.70397e-05
       500 5.5451e-05
       600 7.6641e-05
       700 0.000100385
       800 0.00012651
       900 0.000154882
      1000 0.000185391
      1100 0.000217948
      1200 0.000252475
      1300 0.000288909
      1400 0.000327194
      1500 0.000367283
      1600 0.000409133
      1700 0.000452707
      1800 0.000497973
      1900 0.000544901
      2000 0.000593465
      2100 0.00064364
      2200 0.000695406
      2300 0.000748743
      2400 0.000803633
      2500 0.00086006
      2600 0.000918009
      2700 0.000977466
      2800 0.00103842
      2900 0.00110086
      3000 0.00116477
