       300 3.19801e-05
       400 5.23689e-05
       500 7.64645e-05
       600 0.000103948
       700 0.000134587
       800 0.000168201
       900 0.000204646
      1000 0.000243805
      1100 0.000285578
      1200 0.000329882
      1300 0.000376643
      1400 0.000425798
      1500 0.000477291
      1600 0.000531071
      1700 0.000587095
      1800 0.000645321
      1900 0.000705713
      2000 0.000768237
      2100 0.000832863
      2200 0.000899562
      2300 0.000968309
      2400 0.00103908
      2500 0.00111185
      2600  0.0011866
      2700 0.00126331
      2800 0.00134197
      2900 0.00142255
      3000 0.00150504
