       300 2.5689e-05
       400 4.30552e-05
       500 6.37556e-05
       600 8.74734e-05
       700 0.000113977
       800 0.00014309
       900 0.000174672
      1000 0.000208609
      1100 0.000244807
      1200 0.000283188
      1300 0.000323682
      1400 0.000366232
      1500 0.000410785
      1600 0.000457297
      1700 0.000505728
      1800 0.000556041
      1900 0.000608206
      2000 0.000662191
      2100 0.000717972
      2200 0.000775525
      2300 0.000834826
      2400 0.000895857
      2500 0.000958599
      2600 0.00102303
      2700 0.00108915
      2800 0.00115693
      2900 0.00122635
      3000 0.00129742
