       300 2.44781e-05
       400 4.21418e-05
       500 6.34601e-05
       600 8.80645e-05
       700 0.000115684
       800 0.000146111
       900 0.000179182
      1000 0.000214765
      1100 0.00025275
      1200 0.000293048
      1300 0.00033558
      1400 0.00038028
      1500 0.000427091
      1600 0.000475961
      1700 0.000526848
      1800 0.000579711
      1900 0.000634516
      2000 0.000691232
      2100 0.00074983
      2200 0.000810285
      2300 0.000872574
      2400 0.000936677
      2500 0.00100257
      2600 0.00107025
      2700 0.00113968
      2800 0.00121086
      2900 0.00128378
      3000 0.00135841
