       300 3.30748e-05
       400 5.44642e-05
       500 7.97864e-05
       600 0.000108693
       700 0.00014093
       800 0.000176301
       900 0.000214651
      1000 0.000255852
      1100 0.000299798
      1200 0.000346399
      1300 0.000395577
      1400 0.000447265
      1500 0.000501403
      1600 0.000557937
      1700 0.000616822
      1800 0.000678013
      1900 0.000741474
      2000 0.000807168
      2100 0.000875065
      2200 0.000945134
      2300 0.00101735
      2400 0.00109169
      2500 0.00116812
      2600 0.00124663
      2700  0.0013272
      2800  0.0014098
      2900 0.00149443
      3000 0.00158106
