       300 2.53854e-05
       400 4.24917e-05
       500 6.28716e-05
       600 8.62152e-05
       700 0.000112296
       800 0.000140942
       900 0.000172015
      1000 0.000205405
      1100 0.000241019
      1200 0.000278779
      1300 0.00031862
      1400 0.000360482
      1500 0.000404317
      1600 0.000450079
      1700 0.00049773
      1800 0.000547233
      1900 0.000598558
      2000 0.000651676
      2100 0.000706561
      2200 0.000763189
      2300 0.00082154
      2400 0.000881592
      2500 0.000943328
      2600 0.00100673
      2700 0.00107179
      2800 0.00113848
      2900 0.00120679
      3000 0.00127672
