       300 3.2859e-05
       400 5.40225e-05
       500 7.90639e-05
       600 0.000107643
       700 0.000139509
       800 0.000174472
       900 0.000212379
      1000 0.000253106
      1100 0.000296547
      1200 0.000342614
      1300 0.00039123
      1400 0.00044233
      1500 0.000495854
      1600 0.00055175
      1700 0.000609971
      1800 0.000670476
      1900 0.000733227
      2000 0.000798188
      2100 0.000865329
      2200 0.000934621
      2300 0.00100604
      2400 0.00107955
      2500 0.00115514
      2600 0.00123279
      2700 0.00131247
      2800 0.00139416
      2900 0.00147786
      3000 0.00156354
