       300  3.246e-05
       400 5.33665e-05
       500 7.81038e-05
       600 0.000106335
       700 0.000137815
       800 0.000172353
       900  0.0002098
      1000 0.000250032
      1100 0.000292945
      1200 0.000338453
      1300 0.000386479
      1400 0.000436958
      1500 0.000489832
      1600 0.000545049
      1700 0.000602564
      1800 0.000662334
      1900 0.000724322
      2000 0.000788495
      2100 0.000854821
      2200 0.000923271
      2300 0.000993818
      2400 0.00106644
      2500 0.00114111
      2600 0.00121782
      2700 0.00129653
      2800 0.00137723
      2900 0.00145991
      3000 0.00154455
