       300 2.86304e-05
       400 4.77439e-05
       500 7.04802e-05
       600 9.65008e-05
       700 0.000125559
       800 0.000157465
       900 0.00019207
      1000 0.000229251
      1100 0.000268908
      1200 0.000310955
      1300 0.000355319
      1400 0.000401936
      1500 0.000450751
      1600 0.000501715
      1700 0.000554785
      1800 0.00060992
      1900 0.000667087
      2000 0.000726253
      2100 0.000787389
      2200 0.00085047
      2300 0.000915472
      2400 0.000982371
      2500 0.00105115
      2600 0.00112178
      2700 0.00119426
      2800 0.00126856
      2900 0.00134468
      3000 0.00142259
