       300 5.09545e-05
       400 8.35179e-05
       500 0.000122012
       600 0.000165923
       700 0.000214878
       800 0.000268586
       900 0.000326818
      1000 0.000389384
      1100 0.000456125
      1200 0.000526906
      1300 0.000601612
      1400 0.00068014
      1500 0.000762401
      1600 0.000848314
      1700 0.000937808
      1800 0.00103082
      1900 0.00112729
      2000 0.00122716
      2100 0.00133039
      2200 0.00143693
      2300 0.00154674
      2400 0.00165978
      2500 0.00177602
      2600 0.00189542
      2700 0.00201795
      2800 0.00214358
      2900 0.00227229
      3000 0.00240405
