       300 5.01938e-05
       400 8.22712e-05
       500 0.00012019
       600 0.000163447
       700 0.00021167
       800 0.000264577
       900 0.000321939
      1000 0.000383571
      1100 0.000449316
      1200 0.000519041
      1300 0.000592631
      1400 0.000669987
      1500 0.00075102
      1600 0.00083565
      1700 0.000923808
      1800 0.00101543
      1900 0.00111046
      2000 0.00120884
      2100 0.00131053
      2200 0.00141548
      2300 0.00152365
      2400   0.001635
      2500 0.00174951
      2600 0.00186712
      2700 0.00198782
      2800 0.00211158
      2900 0.00223837
      3000 0.00236816
