       300 2.01063e-05
       400 3.34604e-05
       500 4.93326e-05
       600 6.74895e-05
       700 8.77607e-05
       800 0.000110016
       900 0.000134151
      1000 0.000160083
      1100 0.000187741
      1200 0.000217066
      1300 0.000248007
      1400 0.000280521
      1500 0.000314568
      1600 0.000350115
      1700 0.000387132
      1800 0.000425591
      1900 0.000465469
      2000 0.000506742
      2100 0.000549391
      2200 0.000593397
      2300 0.000638744
      2400 0.000685416
      2500 0.000733399
      2600 0.00078268
      2700 0.000833247
      2800 0.000885087
      2900 0.000938191
      3000 0.000992549
