       300 1.61942e-05
       400 2.74921e-05
       500 4.10346e-05
       600 5.66003e-05
       700 7.40277e-05
       800 9.31932e-05
       900 0.000113999
      1000 0.000136368
      1100 0.000160233
      1200 0.00018554
      1300 0.000212243
      1400 0.000240301
      1500 0.000269681
      1600 0.00030035
      1700 0.000332284
      1800 0.000365456
      1900 0.000399847
      2000 0.000435437
      2100 0.000472208
      2200 0.000510144
      2300 0.000549232
      2400 0.000589459
      2500 0.000630812
      2600 0.00067328
      2700 0.000716854
      2800 0.000761523
      2900 0.000807281
      3000 0.000854118
