       300 1.68438e-05
       400 2.83396e-05
       500 4.20648e-05
       600 5.78048e-05
       700 7.54032e-05
       800 9.47402e-05
       900 0.000115721
      1000 0.00013827
      1100 0.000162322
      1200 0.000187824
      1300 0.000214732
      1400 0.000243004
      1500 0.000272607
      1600 0.000303511
      1700 0.000335689
      1800 0.000369117
      1900 0.000403774
      2000 0.000439639
      2100 0.000476696
      2200 0.000514929
      2300 0.000554324
      2400 0.000594866
      2500 0.000636544
      2600 0.000679347
      2700 0.000723264
      2800 0.000768286
      2900 0.000814403
      3000 0.000861608
