       300 3.16218e-05
       400 5.19739e-05
       500 7.6053e-05
       600 0.000103532
       700 0.000134172
       800 0.00016779
       900 0.000204238
      1000 0.000243396
      1100 0.000285165
      1200 0.00032946
      1300 0.000376206
      1400 0.00042534
      1500 0.000476805
      1600 0.000530552
      1700 0.000586535
      1800 0.000644714
      1900 0.000705053
      2000 0.000767518
      2100 0.000832079
      2200 0.000898709
      2300 0.00096738
      2400 0.00103807
      2500 0.00111076
      2600 0.00118542
      2700 0.00126204
      2800  0.0013406
      2900 0.00142109
      3000 0.00150348
