       300 1.33058e-05
       400 2.29305e-05
       500 3.45527e-05
       600 4.79709e-05
       700 6.30365e-05
       800 7.96361e-05
       900 9.76801e-05
      1000 0.000117096
      1100 0.000137824
      1200 0.000159815
      1300 0.000183026
      1400 0.00020742
      1500 0.000232967
      1600 0.000259638
      1700 0.00028741
      1800 0.00031626
      1900 0.000346171
      2000 0.000377124
      2100 0.000409104
      2200 0.000442098
      2300 0.000476093
      2400 0.000511077
      2500 0.00054704
      2600 0.000583973
      2700 0.000621867
      2800 0.000660714
      2900 0.000700506
      3000 0.000741237
