       300 1.13744e-05
       400 1.92783e-05
       500 2.87454e-05
       600 3.96224e-05
       700 5.1797e-05
       800 6.51835e-05
       900 7.97145e-05
      1000 9.53352e-05
      1100   0.000112
      1200 0.000129672
      1300 0.000148318
      1400 0.000167911
      1500 0.000188426
      1600 0.000209842
      1700 0.000232139
      1800 0.000255303
      1900 0.000279317
      2000 0.000304168
      2100 0.000329845
      2200 0.000356335
      2300 0.000383629
      2400 0.000411719
      2500 0.000440594
      2600 0.000470249
      2700 0.000500676
      2800 0.000531868
      2900 0.000563819
      3000 0.000596524
