       300 1.54015e-05
       400 2.66374e-05
       500 4.02317e-05
       600 5.59458e-05
       700 7.36038e-05
       800 9.30706e-05
       900 0.00011424
      1000 0.000137025
      1100 0.000161356
      1200 0.000187173
      1300 0.000214425
      1400 0.000243069
      1500 0.000273068
      1600 0.000304389
      1700 0.000337003
      1800 0.000370885
      1900 0.000406012
      2000 0.000442363
      2100 0.000479921
      2200 0.000518669
      2300 0.000558592
      2400 0.000599676
      2500 0.00064191
      2600 0.000685281
      2700 0.000729781
      2800 0.000775398
      2900 0.000822125
      3000 0.000869953
