       300 2.08449e-05
       400 3.45707e-05
       500 5.08628e-05
       600 6.94865e-05
       700 9.02705e-05
       800 0.000113083
       900 0.000137821
      1000 0.000164399
      1100 0.000192745
      1200 0.000222801
      1300 0.000254515
      1400 0.000287842
      1500 0.000322744
      1600 0.000359185
      1700 0.000397134
      1800 0.000436565
      1900 0.000477452
      2000 0.000519772
      2100 0.000563505
      2200 0.000608633
      2300 0.000655137
      2400 0.000703002
      2500 0.000752214
      2600 0.000802758
      2700 0.000854623
      2800 0.000907796
      2900 0.000962266
      3000 0.00101802
