       300 1.53379e-05
       400 2.66875e-05
       500 4.04671e-05
       600 5.64311e-05
       700 7.4397e-05
       800 9.42248e-05
       900 0.000115803
      1000 0.000139043
      1100 0.000163869
      1200 0.00019022
      1300 0.000218043
      1400 0.000247292
      1500 0.000277928
      1600 0.000309918
      1700 0.00034323
      1800 0.000377838
      1900 0.000413719
      2000 0.00045085
      2100 0.000489214
      2200 0.000528792
      2300 0.000569568
      2400 0.00061153
      2500 0.000654663
      2600 0.000698956
      2700 0.000744399
      2800 0.00079098
      2900 0.000838692
      3000 0.000887526
