       300 2.55741e-05
       400 4.26542e-05
       500 6.29731e-05
       600 8.62279e-05
       700 0.000112198
       800 0.000140714
       900 0.000171641
      1000 0.000204872
      1100 0.000240316
      1200 0.000277895
      1300 0.000317545
      1400 0.000359209
      1500 0.000402837
      1600 0.000448385
      1700 0.000495815
      1800 0.000545092
      1900 0.000596184
      2000 0.000649062
      2100 0.000703702
      2200 0.000760079
      2300 0.000818173
      2400 0.000877963
      2500 0.00093943
      2600 0.00100256
      2700 0.00106733
      2800 0.00113374
      2900 0.00120176
      3000 0.00127139
