       300 3.52556e-05
       400 5.80553e-05
       500 8.50472e-05
       600 0.00011586
       700 0.000150222
       800 0.000187925
       900 0.000228804
      1000 0.000272721
      1100 0.000319565
      1200 0.000369239
      1300 0.00042166
      1400 0.000476756
      1500 0.000534463
      1600 0.000594725
      1700 0.000657492
      1800 0.000722718
      1900 0.000790363
      2000 0.000860389
      2100 0.000932763
      2200 0.00100745
      2300 0.00108443
      2400 0.00116367
      2500 0.00124514
      2600 0.00132883
      2700 0.00141471
      2800 0.00150276
      2900 0.00159297
      3000 0.00168531
