       300 1.56593e-05
       400 2.64285e-05
       500 3.93033e-05
       600 5.40794e-05
       700 7.06075e-05
       800 8.87735e-05
       900 0.000108487
      1000 0.000129676
      1100 0.000152279
      1200 0.000176246
      1300 0.000201534
      1400 0.000228105
      1500 0.000255926
      1600 0.000284969
      1700 0.000315209
      1800 0.000346623
      1900 0.000379191
      2000 0.000412895
      2100 0.000447718
      2200 0.000483646
      2300 0.000520664
      2400 0.000558761
      2500 0.000597925
      2600 0.000638145
      2700 0.000679413
      2800 0.000721718
      2900 0.000765053
      3000 0.00080941
