       300 3.39941e-05
       400 5.62812e-05
       500 8.27179e-05
       600 0.000112927
       700 0.000146635
       800 0.000183629
       900 0.000223742
      1000 0.000266838
      1100 0.000312804
      1200 0.000361541
      1300 0.000412968
      1400 0.000467014
      1500 0.000523613
      1600 0.000582712
      1700 0.000644259
      1800 0.00070821
      1900 0.000774526
      2000 0.000843168
      2100 0.000914104
      2200 0.000987304
      2300 0.00106274
      2400 0.00114038
      2500 0.00122021
      2600 0.00130221
      2700 0.00138634
      2800  0.0014726
      2900 0.00156097
      3000 0.00165143
