       300 3.19193e-05
       400 5.24825e-05
       500 7.68144e-05
       600 0.000104584
       700 0.000135548
       800 0.000169521
       900 0.000206355
      1000 0.000245929
      1100 0.00028814
      1200 0.000332902
      1300 0.000380142
      1400 0.000429795
      1500 0.000481803
      1600 0.000536115
      1700 0.000592688
      1800 0.000651478
      1900 0.000712451
      2000 0.000775572
      2100 0.000840811
      2200 0.000908139
      2300 0.00097753
      2400 0.00104896
      2500 0.00112241
      2600 0.00119785
      2700 0.00127528
      2800 0.00135466
      2900 0.00143598
      3000 0.00151924
