       300 3.13878e-05
       400 5.1399e-05
       500 7.50483e-05
       600 0.000102023
       700 0.000132094
       800 0.000165086
       900 0.000200856
      1000 0.000239289
      1100 0.000280289
      1200 0.000323772
      1300 0.000369667
      1400 0.000417912
      1500 0.000468451
      1600 0.000521235
      1700 0.000576221
      1800 0.000633369
      1900 0.000692642
      2000 0.000754008
      2100 0.000817437
      2200 0.000882901
      2300 0.000950375
      2400 0.00101983
      2500 0.00109126
      2600 0.00116463
      2700 0.00123992
      2800 0.00131711
      2900  0.0013962
      3000 0.00147716
