       300 2.4799e-05
       400 4.1725e-05
       500 6.19338e-05
       600 8.51093e-05
       700 0.000111021
       800 0.000139493
       900 0.000170385
      1000 0.000203586
      1100   0.000239
      1200 0.00027655
      1300 0.000316168
      1400 0.000357797
      1500 0.000401385
      1600 0.000446888
      1700 0.000494267
      1800 0.000543486
      1900 0.000594515
      2000 0.000647323
      2100 0.000701886
      2200 0.000758181
      2300 0.000816185
      2400 0.00087588
      2500 0.000937247
      2600 0.00100027
      2700 0.00106493
      2800 0.00113122
      2900 0.00119913
      3000 0.00126863
