       300 4.20673e-05
       400 6.97047e-05
       500 0.000102498
       600 0.000139978
       700 0.000181801
       800 0.000227705
       900 0.00027748
      1000 0.000330956
      1100 0.000387993
      1200 0.000448469
      1300 0.000512282
      1400 0.000579342
      1500 0.00064957
      1600 0.000722898
      1700 0.000799263
      1800 0.00087861
      1900 0.000960889
      2000 0.00104605
      2100 0.00113406
      2200 0.00122488
      2300 0.00131847
      2400 0.00141479
      2500 0.00151383
      2600 0.00161556
      2700 0.00171994
      2800 0.00182695
      2900 0.00193657
      3000 0.00204879
