       300 2.79939e-05
       400 4.66824e-05
       500 6.89131e-05
       600 9.43552e-05
       700 0.000122767
       800 0.000153964
       900 0.000187799
      1000 0.000224154
      1100 0.000262929
      1200 0.000304042
      1300 0.000347419
      1400   0.000393
      1500 0.000440729
      1600 0.00049056
      1700 0.000542449
      1800 0.000596359
      1900 0.000652255
      2000 0.000710105
      2100 0.000769883
      2200 0.000831561
      2300 0.000895117
      2400 0.000960529
      2500 0.00102778
      2600 0.00109684
      2700 0.00116771
      2800 0.00124036
      2900 0.00131478
      3000 0.00139096
