       300 3.22333e-05
       400 5.29938e-05
       500 7.75584e-05
       600 0.000105593
       700 0.000136853
       800 0.00017115
       900 0.000208335
      1000 0.000248286
      1100  0.0002909
      1200 0.00033609
      1300 0.000383781
      1400 0.000433907
      1500 0.000486412
      1600 0.000541243
      1700 0.000598356
      1800 0.000657709
      1900 0.000719264
      2000 0.000782989
      2100 0.000848851
      2200 0.000916823
      2300 0.000986879
      2400 0.00105899
      2500 0.00113314
      2600 0.00120931
      2700 0.00128747
      2800 0.00136762
      2900 0.00144972
      3000 0.00153377
