       300  0.0359637
       400  0.0447066
       500  0.0524261
       600  0.0591828
       700  0.0650377
       800  0.0700514
       900  0.0742848
      1000  0.0777987
      1100  0.0806538
      1200  0.0829109
      1300  0.0846308
      1400  0.0858744
      1500  0.0867023
      1600  0.0871754
      1700  0.0873544
      1800  0.0873002
      1900  0.0870734
      2000   0.086735
      2100  0.0863457
      2200  0.0859663
      2300  0.0856575
      2400  0.0854801
      2500   0.085495
      2600  0.0857629
      2700  0.0863446
      2800  0.0873008
      2900  0.0886925
      3000  0.0905803
