       300   0.156145
       400   0.176551
       500   0.194459
       600   0.210019
       700   0.223383
       800   0.234705
       900   0.244135
      1000   0.251826
      1100    0.25793
      1200   0.262599
      1300   0.265984
      1400   0.268238
      1500   0.269514
      1600   0.269962
      1700   0.269735
      1800   0.268985
      1900   0.267864
      2000   0.266524
      2100   0.265116
      2200   0.263794
      2300   0.262709
      2400   0.262012
      2500   0.261857
      2600   0.262395
      2700   0.263777
      2800   0.266157
      2900   0.269686
      3000   0.274516
