       300 -0.00822885
       400 -0.0103733
       500 -0.0122678
       600 -0.0139272
       700 -0.0153663
       800 -0.0165999
       900 -0.0176429
      1000 -0.0185099
      1100 -0.0192159
      1200 -0.0197757
      1300 -0.0202041
      1400 -0.0205158
      1500 -0.0207257
      1600 -0.0208486
      1700 -0.0208993
      1800 -0.0208927
      1900 -0.0208435
      2000 -0.0207665
      2100 -0.0206766
      2200 -0.0205886
      2300 -0.0205172
      2400 -0.0204774
      2500 -0.0204838
      2600 -0.0205514
      2700 -0.0206948
      2800  -0.020929
      2900 -0.0212688
      3000 -0.0217289
