       300   0.147322
       400   0.166575
       500   0.183471
       600   0.198151
       700   0.210761
       800   0.221442
       900    0.23034
      1000   0.237596
      1100   0.243355
      1200    0.24776
      1300   0.250954
      1400   0.253081
      1500   0.254285
      1600   0.254707
      1700   0.254493
      1800   0.253786
      1900   0.252728
      2000   0.251463
      2100   0.250136
      2200   0.248888
      2300   0.247864
      2400   0.247207
      2500    0.24706
      2600   0.247568
      2700   0.248872
      2800   0.251118
      2900   0.254447
      3000   0.259004
