       300  0.0136871
       400  0.0234749
       500  0.0321811
       600  0.0398681
       700  0.0465985
       800  0.0524347
       900  0.0574394
      1000   0.061675
      1100   0.065204
      1200  0.0680889
      1300  0.0703922
      1400  0.0721765
      1500  0.0735043
      1600   0.074438
      1700  0.0750402
      1800  0.0753733
      1900     0.0755
      2000  0.0754827
      2100  0.0753839
      2200  0.0752661
      2300  0.0751919
      2400  0.0752237
      2500  0.0754241
      2600  0.0758555
      2700  0.0765806
      2800  0.0776617
      2900  0.0791614
      3000  0.0811422
