       300  -0.019039
       400 -0.0225681
       500 -0.0256763
       600  -0.028389
       700 -0.0307312
       800 -0.0327283
       900 -0.0344055
      1000  -0.035788
      1100  -0.036901
      1200 -0.0377697
      1300 -0.0384195
      1400 -0.0388754
      1500 -0.0391628
      1600 -0.0393069
      1700 -0.0393329
      1800 -0.0392659
      1900 -0.0391314
      2000 -0.0389544
      2100 -0.0387602
      2200  -0.038574
      2300 -0.0384212
      2400 -0.0383268
      2500 -0.0383161
      2600 -0.0384144
      2700 -0.0386468
      2800 -0.0390386
      2900 -0.0396151
      3000 -0.0404014
