       300 -0.0117724
       400 -0.0143648
       500 -0.0166517
       600 -0.0186514
       700 -0.0203821
       800 -0.0218618
       900 -0.0231089
      1000 -0.0241416
      1100  -0.024978
      1200 -0.0256363
      1300 -0.0261348
      1400 -0.0264916
      1500 -0.0267249
      1600  -0.026853
      1700  -0.026894
      1800 -0.0268662
      1900 -0.0267877
      2000 -0.0266767
      2100 -0.0265515
      2200 -0.0264302
      2300 -0.0263311
      2400 -0.0262723
      2500  -0.026272
      2600 -0.0263485
      2700 -0.0265199
      2800 -0.0268045
      2900 -0.0272204
      3000 -0.0277858
