       300  -0.128937
       400  -0.146132
       500  -0.161225
       600  -0.174344
       700  -0.185615
       800  -0.195167
       900  -0.203127
      1000  -0.209624
      1100  -0.214784
      1200  -0.218737
      1300  -0.221609
      1400  -0.223528
      1500  -0.224622
      1600  -0.225019
      1700  -0.224847
      1800  -0.224234
      1900  -0.223306
      2000  -0.222192
      2100   -0.22102
      2200  -0.219918
      2300  -0.219013
      2400  -0.218433
      2500  -0.218305
      2600  -0.218758
      2700   -0.21992
      2800  -0.221917
      2900  -0.224879
      3000  -0.228932
