       300  -0.128736
       400  -0.141513
       500  -0.152689
       600  -0.162363
       700  -0.170633
       800  -0.177598
       900  -0.183357
      1000  -0.188009
      1100  -0.191651
      1200  -0.194384
      1300  -0.196305
      1400  -0.197513
      1500  -0.198107
      1600  -0.198185
      1700  -0.197846
      1800   -0.19719
      1900  -0.196313
      2000  -0.195316
      2100  -0.194297
      2200  -0.193354
      2300  -0.192586
      2400  -0.192092
      2500   -0.19197
      2600   -0.19232
      2700  -0.193239
      2800  -0.194827
      2900  -0.197182
      3000  -0.200403
