       300   -0.04631
       400 -0.0495092
       500 -0.0522952
       600 -0.0546939
       700 -0.0567313
       800 -0.0584333
       900 -0.0598258
      1000 -0.0609348
      1100 -0.0617862
      1200  -0.062406
      1300 -0.0628201
      1400 -0.0630544
      1500 -0.0631349
      1600 -0.0630876
      1700 -0.0629383
      1800  -0.062713
      1900 -0.0624376
      2000 -0.0621382
      2100 -0.0618406
      2200 -0.0615707
      2300 -0.0613546
      2400 -0.0612181
      2500 -0.0611872
      2600 -0.0612878
      2700 -0.0615459
      2800 -0.0619874
      2900 -0.0626383
      3000 -0.0635245
