       300 -0.0320685
       400 -0.0342838
       500 -0.0362131
       600 -0.0378741
       700  -0.039285
       800 -0.0404635
       900 -0.0414278
      1000 -0.0421958
      1100 -0.0427854
      1200 -0.0432146
      1300 -0.0435013
      1400 -0.0436636
      1500 -0.0437193
      1600 -0.0436865
      1700 -0.0435831
      1800 -0.0434271
      1900 -0.0432364
      2000 -0.0430291
      2100  -0.042823
      2200 -0.0426361
      2300 -0.0424864
      2400 -0.0423919
      2500 -0.0423705
      2600 -0.0424402
      2700  -0.042619
      2800 -0.0429247
      2900 -0.0433754
      3000 -0.0439891
