       300  -0.103762
       400  -0.128952
       500  -0.151194
       600  -0.170661
       700   -0.18753
       800  -0.201974
       900  -0.214171
      1000  -0.224294
      1100  -0.232519
      1200  -0.239021
      1300  -0.243975
      1400  -0.247556
      1500   -0.24994
      1600  -0.251301
      1700  -0.251816
      1800  -0.251658
      1900  -0.251003
      2000  -0.250027
      2100  -0.248904
      2200  -0.247809
      2300  -0.246918
      2400  -0.246407
      2500  -0.246449
      2600   -0.24722
      2700  -0.248896
      2800  -0.251651
      2900  -0.255661
      3000  -0.261101
