       300  -0.196344
       400  -0.219059
       500  -0.238964
       600  -0.256231
       700  -0.271032
       800  -0.283539
       900  -0.293923
      1000  -0.302357
      1100  -0.309013
      1200  -0.314062
      1300  -0.317676
      1400  -0.320027
      1500  -0.321287
      1600  -0.321628
      1700  -0.321222
      1800   -0.32024
      1900  -0.318855
      2000  -0.317239
      2100  -0.315562
      2200  -0.313998
      2300  -0.312717
      2400  -0.311893
      2500  -0.311696
      2600  -0.312299
      2700  -0.313874
      2800  -0.316592
      2900  -0.320625
      3000  -0.326146
