       300  -0.213155
       400   -0.22419
       500  -0.233768
       600   -0.24198
       700  -0.248919
       800  -0.254679
       900  -0.259352
      1000  -0.263031
      1100  -0.265809
      1200  -0.267779
      1300  -0.269033
      1400  -0.269664
      1500  -0.269766
      1600   -0.26943
      1700   -0.26875
      1800  -0.267819
      1900  -0.266729
      2000  -0.265574
      2100  -0.264445
      2200  -0.263436
      2300   -0.26264
      2400   -0.26215
      2500  -0.262058
      2600  -0.262457
      2700   -0.26344
      2800  -0.265099
      2900  -0.267529
      3000  -0.270821
