       300   -0.22397
       400  -0.240069
       500  -0.254095
       600  -0.266178
       700  -0.276448
       800  -0.285036
       900   -0.29207
      1000  -0.297681
      1100  -0.301998
      1200  -0.305152
      1300  -0.307272
      1400  -0.308488
      1500   -0.30893
      1600  -0.308728
      1700  -0.308011
      1800   -0.30691
      1900  -0.305554
      2000  -0.304074
      2100  -0.302598
      2200  -0.301257
      2300  -0.300181
      2400    -0.2995
      2500  -0.299343
      2600   -0.29984
      2700  -0.301121
      2800  -0.303317
      2900  -0.306556
      3000  -0.310968
