       300  -0.137001
       400  -0.166509
       500  -0.192534
       600  -0.215285
       700  -0.234969
       800  -0.251794
       900  -0.265968
      1000  -0.277697
      1100  -0.287191
      1200  -0.294655
      1300  -0.300299
      1400  -0.304329
      1500  -0.306953
      1600  -0.308379
      1700  -0.308814
      1800  -0.308467
      1900  -0.307544
      2000  -0.306254
      2100  -0.304803
      2200    -0.3034
      2300  -0.302252
      2400  -0.301567
      2500  -0.301553
      2600  -0.302416
      2700  -0.304365
      2800  -0.307608
      2900  -0.312351
      3000  -0.318803
