       300 -0.0394942
       400 -0.0490628
       500  -0.057511
       600 -0.0649053
       700 -0.0713124
       800 -0.0767987
       900 -0.0814309
      1000 -0.0852755
      1100 -0.0883989
      1200 -0.0908678
      1300 -0.0927487
      1400 -0.0941082
      1500 -0.0950128
      1600  -0.095529
      1700 -0.0957235
      1800 -0.0956626
      1900 -0.0954131
      2000 -0.0950414
      2100 -0.0946141
      2200 -0.0941977
      2300 -0.0938588
      2400 -0.0936639
      2500 -0.0936795
      2600 -0.0939723
      2700 -0.0946088
      2800 -0.0956555
      2900 -0.0971789
      3000 -0.0992457
