       300  -0.202495
       400  -0.212979
       500  -0.222077
       600  -0.229878
       700  -0.236471
       800  -0.241943
       900  -0.246382
      1000  -0.249877
      1100  -0.252516
      1200  -0.254388
      1300  -0.255579
      1400  -0.256179
      1500  -0.256275
      1600  -0.255956
      1700   -0.25531
      1800  -0.254426
      1900   -0.25339
      2000  -0.252293
      2100   -0.25122
      2200  -0.250262
      2300  -0.249506
      2400   -0.24904
      2500  -0.248952
      2600  -0.249331
      2700  -0.250265
      2800  -0.251842
      2900   -0.25415
      3000  -0.257277
