       300  0.0667737
       400  0.0741884
       500  0.0806828
       600  0.0863133
       700  0.0911363
       800  0.0952081
       900  0.0985853
      1000   0.101324
      1100   0.103481
      1200   0.105113
      1300   0.106275
      1400   0.107025
      1500   0.107419
      1600   0.107513
      1700   0.107363
      1800   0.107026
      1900   0.106559
      2000   0.106018
      2100   0.105458
      2200   0.104938
      2300   0.104512
      2400   0.104238
      2500   0.104172
      2600    0.10437
      2700   0.104889
      2800   0.105784
      2900   0.107114
      3000   0.108933
