       300 -0.000840098
       400   0.011184
       500  0.0219759
       600  0.0316038
       700  0.0401359
       800  0.0476404
       900  0.0541855
      1000  0.0598393
      1100    0.06467
      1200  0.0687459
      1300  0.0721351
      1400  0.0749058
      1500  0.0771261
      1600  0.0788644
      1700  0.0801888
      1800  0.0811674
      1900  0.0818684
      2000  0.0823601
      2100  0.0827107
      2200  0.0829882
      2300  0.0832609
      2400  0.0835971
      2500  0.0840648
      2600  0.0847323
      2700  0.0856677
      2800  0.0869393
      2900  0.0886152
      3000  0.0907636
