       300 -0.00132049
       400 -0.00674431
       500 -0.0115991
       600 -0.0159167
       700 -0.0197293
       800 -0.0230686
       900 -0.0259667
      1000 -0.0284556
      1100 -0.0305671
      1200 -0.0323333
      1300 -0.0337861
      1400 -0.0349575
      1500 -0.0358794
      1600 -0.0365837
      1700 -0.0371025
      1800 -0.0374677
      1900 -0.0377113
      2000 -0.0378651
      2100 -0.0379613
      2200 -0.0380316
      2300 -0.0381082
      2400 -0.0382229
      2500 -0.0384077
      2600 -0.0386945
      2700 -0.0391154
      2800 -0.0397023
      2900  -0.040487
      3000 -0.0415017
