       300 -0.0358441
       400 -0.0532355
       500 -0.0686697
       600 -0.0822606
       700 -0.0941225
       800  -0.104369
       900  -0.113116
      1000  -0.120475
      1100  -0.126562
      1200   -0.13149
      1300  -0.135374
      1400  -0.138327
      1500  -0.140465
      1600    -0.1419
      1700  -0.142748
      1800  -0.143122
      1900  -0.143135
      2000  -0.142904
      2100  -0.142541
      2200   -0.14216
      2300  -0.141877
      2400  -0.141804
      2500  -0.142056
      2600  -0.142747
      2700  -0.143992
      2800  -0.145904
      2900  -0.148597
      3000  -0.152186
