       300 -0.0113936
       400 -0.0313942
       500 -0.0492565
       600 -0.0651018
       700 -0.0790516
       800 -0.0912274
       900   -0.10175
      1000  -0.110742
      1100  -0.118324
      1200  -0.124618
      1300  -0.129744
      1400  -0.133826
      1500  -0.136982
      1600  -0.139337
      1700   -0.14101
      1800  -0.142123
      1900  -0.142797
      2000  -0.143155
      2100  -0.143317
      2200  -0.143405
      2300   -0.14354
      2400  -0.143844
      2500  -0.144438
      2600  -0.145443
      2700  -0.146982
      2800  -0.149175
      2900  -0.152143
      3000  -0.156009
