       300 -0.0602304
       400 -0.0719614
       500 -0.0822984
       600 -0.0913248
       700 -0.0991241
       800   -0.10578
       900  -0.111375
      1000  -0.115993
      1100  -0.119718
      1200  -0.122632
      1300   -0.12482
      1400  -0.126365
      1500   -0.12735
      1600  -0.127858
      1700  -0.127974
      1800   -0.12778
      1900  -0.127359
      2000  -0.126796
      2100  -0.126173
      2200  -0.125575
      2300  -0.125083
      2400  -0.124783
      2500  -0.124757
      2600  -0.125089
      2700  -0.125861
      2800  -0.127159
      2900  -0.129064
      3000   -0.13166
