       300   0.110446
       400    0.12271
       500   0.133452
       600   0.142765
       700   0.150742
       800   0.157477
       900   0.163063
      1000   0.167593
      1100   0.171161
      1200    0.17386
      1300   0.175783
      1400   0.177023
      1500   0.177674
      1600   0.177829
      1700   0.177582
      1800   0.177025
      1900   0.176252
      2000   0.175357
      2100   0.174432
      2200   0.173571
      2300   0.172867
      2400   0.172413
      2500   0.172304
      2600   0.172631
      2700   0.173489
      2800   0.174971
      2900   0.177169
      3000   0.180178
