       300 -0.0309303
       400 -0.0359976
       500 -0.0404551
       600 -0.0443395
       700 -0.0476877
       800 -0.0505362
       900 -0.0529219
      1000 -0.0548815
      1100 -0.0564517
      1200 -0.0576692
      1300 -0.0585708
      1400 -0.0591931
      1500  -0.059573
      1600 -0.0597472
      1700 -0.0597523
      1800 -0.0596251
      1900 -0.0594024
      2000 -0.0591208
      2100 -0.0588172
      2200 -0.0585282
      2300 -0.0582905
      2400 -0.0581409
      2500 -0.0581161
      2600 -0.0582529
      2700  -0.058588
      2800  -0.059158
      2900 -0.0599998
      3000 -0.0611501
