       300 -0.0371042
       400 -0.0426686
       500 -0.0475588
       600 -0.0518157
       700   -0.05548
       800 -0.0585925
       900 -0.0611938
      1000 -0.0633248
      1100 -0.0650261
      1200 -0.0663387
      1300 -0.0673031
      1400 -0.0679602
      1500 -0.0683507
      1600 -0.0685154
      1700  -0.068495
      1800 -0.0683304
      1900 -0.0680621
      2000 -0.0677311
      2100  -0.067378
      2200 -0.0670436
      2300 -0.0667686
      2400 -0.0665939
      2500 -0.0665601
      2600 -0.0667081
      2700 -0.0670785
      2800 -0.0677122
      2900 -0.0686498
      3000 -0.0699322
