       300   0.232019
       400    0.28045
       500   0.323154
       600   0.360471
       700   0.392746
       800   0.420318
       900   0.443531
      1000   0.462726
      1100   0.478245
      1200   0.490429
      1300   0.499621
      1400   0.506163
      1500   0.510396
      1600   0.512662
      1700   0.513303
      1800   0.512661
      1900   0.511079
      2000   0.508896
      2100   0.506457
      2200   0.504102
      2300   0.502173
      2400   0.501012
      2500   0.500962
      2600   0.502363
      2700   0.505558
      2800   0.510889
      2900   0.518698
      3000   0.529326
