       300 -0.0410983
       400  -0.057032
       500 -0.0711514
       600 -0.0835628
       700 -0.0943725
       800  -0.103687
       900  -0.111613
      1000  -0.118256
      1100  -0.123723
      1200   -0.12812
      1300  -0.131553
      1400   -0.13413
      1500  -0.135955
      1600  -0.137137
      1700   -0.13778
      1800  -0.137991
      1900  -0.137878
      2000  -0.137545
      2100  -0.137099
      2200  -0.136648
      2300  -0.136296
      2400  -0.136151
      2500  -0.136319
      2600  -0.136906
      2700  -0.138018
      2800  -0.139762
      2900  -0.142245
      3000  -0.145572
