       300 -0.0594246
       400 -0.0723296
       500 -0.0837126
       600 -0.0936643
       700  -0.102275
       800  -0.109637
       900  -0.115839
      1000  -0.120973
      1100  -0.125129
      1200  -0.128398
      1300  -0.130871
      1400  -0.132639
      1500  -0.133792
      1600  -0.134421
      1700  -0.134616
      1800  -0.134469
      1900   -0.13407
      2000  -0.133511
      2100   -0.13288
      2200   -0.13227
      2300  -0.131772
      2400  -0.131475
      2500   -0.13147
      2600  -0.131849
      2700  -0.132702
      2800  -0.134119
      2900  -0.136192
      3000  -0.139011
