       300 0.00454677
       400  0.0184935
       500  0.0309693
       600   0.042057
       700  0.0518395
       800  0.0603997
       900  0.0678205
      1000  0.0741846
      1100   0.079575
      1200  0.0840745
      1300   0.087766
      1400  0.0907324
      1500  0.0930565
      1600  0.0948213
      1700  0.0961094
      1800  0.0970039
      1900  0.0975876
      2000  0.0979433
      2100   0.098154
      2200  0.0983024
      2300  0.0984715
      2400  0.0987442
      2500  0.0992032
      2600  0.0999314
      2700   0.101012
      2800   0.102527
      2900    0.10456
      3000   0.107194
