       300  0.0630525
       400  0.0761087
       500    0.08762
       600  0.0976788
       700   0.106377
       800   0.113807
       900   0.120062
      1000   0.125232
      1100   0.129412
      1200   0.132692
      1300   0.135165
      1400   0.136923
      1500   0.138059
      1600   0.138665
      1700   0.138833
      1800   0.138655
      1900   0.138223
      2000   0.137631
      2100   0.136969
      2200    0.13633
      2300   0.135807
      2400   0.135492
      2500   0.135477
      2600   0.135853
      2700   0.136714
      2800   0.138152
      2900   0.140259
      3000   0.143127
