       300 -0.0270452
       400 -0.0297294
       500 -0.0320773
       600 -0.0341095
       700  -0.035847
       800 -0.0373103
       900 -0.0385201
      1000 -0.0394973
      1100 -0.0402626
      1200 -0.0408366
      1300 -0.0412402
      1400  -0.041494
      1500 -0.0416187
      1600 -0.0416352
      1700  -0.041564
      1800 -0.0414261
      1900  -0.041242
      2000 -0.0410325
      2100 -0.0408183
      2200 -0.0406202
      2300 -0.0404589
      2400 -0.0403551
      2500 -0.0403296
      2600  -0.040403
      2700 -0.0405961
      2800 -0.0409297
      2900 -0.0414244
      3000 -0.0421011
