       300  0.0939487
       400   0.104381
       500   0.113518
       600    0.12144
       700   0.128226
       800   0.133955
       900   0.138707
      1000    0.14256
      1100   0.145595
      1200   0.147891
      1300   0.149526
      1400   0.150581
      1500   0.151135
      1600   0.151267
      1700   0.151057
      1800   0.150583
      1900   0.149926
      2000   0.149164
      2100   0.148377
      2200   0.147645
      2300   0.147046
      2400    0.14666
      2500   0.146567
      2600   0.146846
      2700   0.147575
      2800   0.148836
      2900   0.150706
      3000   0.153265
