       300  0.0833127
       400  0.0925639
       500   0.100667
       600   0.107692
       700    0.11371
       800    0.11879
       900   0.123004
      1000   0.126421
      1100   0.129112
      1200   0.131148
      1300   0.132598
      1400   0.133534
      1500   0.134025
      1600   0.134142
      1700   0.133955
      1800   0.133535
      1900   0.132952
      2000   0.132277
      2100   0.131579
      2200    0.13093
      2300   0.130399
      2400   0.130057
      2500   0.129974
      2600   0.130221
      2700   0.130868
      2800   0.131986
      2900   0.133644
      3000   0.135914
