       300 -0.0530197
       400 -0.0695741
       500 -0.0842203
       600 -0.0970708
       700  -0.108238
       800  -0.117835
       900  -0.125973
      1000  -0.132766
      1100  -0.138325
      1200  -0.142764
      1300  -0.146194
      1400  -0.148729
      1500  -0.150481
      1600  -0.151561
      1700  -0.152084
      1800  -0.152161
      1900  -0.151905
      2000  -0.151427
      2100  -0.150842
      2200  -0.150261
      2300  -0.149797
      2400  -0.149562
      2500  -0.149668
      2600  -0.150229
      2700  -0.151357
      2800  -0.153164
      2900  -0.155763
      3000  -0.159266
