       300   0.378775
       400   0.399083
       500   0.416715
       600   0.431841
       700   0.444631
       800   0.455254
       900   0.463882
      1000   0.470684
      1100   0.475831
      1200   0.479491
      1300   0.481837
      1400   0.483036
      1500   0.483261
      1600    0.48268
      1700   0.481464
      1800   0.479783
      1900   0.477807
      2000   0.475706
      2100   0.473651
      2200    0.47181
      2300   0.470356
      2400   0.469456
      2500   0.469283
      2600   0.470005
      2700   0.471792
      2800   0.474816
      2900   0.479245
      3000   0.485251
