       300 -0.000968694
       400 -0.00494752
       500 -0.0085089
       600 -0.0116763
       700 -0.0144731
       800 -0.0169228
       900 -0.0190488
      1000 -0.0208746
      1100 -0.0224236
      1200 -0.0237192
      1300  -0.024785
      1400 -0.0256443
      1500 -0.0263205
      1600 -0.0268372
      1700 -0.0272178
      1800 -0.0274857
      1900 -0.0276644
      2000 -0.0277773
      2100 -0.0278478
      2200 -0.0278994
      2300 -0.0279556
      2400 -0.0280397
      2500 -0.0281753
      2600 -0.0283857
      2700 -0.0286944
      2800 -0.0291249
      2900 -0.0297006
      3000  -0.030445
