       300 -0.0101862
       400 -0.0280673
       500 -0.0440367
       600 -0.0582028
       700 -0.0706744
       800 -0.0815598
       900 -0.0909677
      1000 -0.0990067
      1100  -0.105785
      1200  -0.111412
      1300  -0.115995
      1400  -0.119644
      1500  -0.122466
      1600  -0.124571
      1700  -0.126067
      1800  -0.127062
      1900  -0.127665
      2000  -0.127985
      2100  -0.128129
      2200  -0.128208
      2300  -0.128329
      2400  -0.128601
      2500  -0.129132
      2600  -0.130031
      2700  -0.131406
      2800  -0.133366
      2900   -0.13602
      3000  -0.139477
