       300 -0.00433351
       400 -0.0106561
       500 -0.0162989
       600 -0.0213006
       700 -0.0256999
       800 -0.0295355
       900 -0.0328462
      1000 -0.0356707
      1100 -0.0380478
      1200  -0.040016
      1300 -0.0416143
      1400 -0.0428813
      1500 -0.0438557
      1600 -0.0445762
      1700 -0.0450817
      1800 -0.0454107
      1900 -0.0456021
      2000 -0.0456946
      2100 -0.0457268
      2200 -0.0457376
      2300 -0.0457656
      2400 -0.0458496
      2500 -0.0460283
      2600 -0.0463405
      2700 -0.0468248
      2800 -0.0475199
      2900 -0.0484647
      3000 -0.0496978
