       300 -0.000938827
       400  0.0124984
       500  0.0245586
       600   0.035318
       700  0.0448528
       800  0.0532392
       900  0.0605534
      1000  0.0668716
      1100  0.0722701
      1200   0.076825
      1300  0.0806124
      1400  0.0837088
      1500  0.0861901
      1600  0.0881327
      1700  0.0896126
      1800  0.0907063
      1900  0.0914897
      2000  0.0920392
      2100  0.0924309
      2200  0.0927411
      2300  0.0930458
      2400  0.0934215
      2500  0.0939442
      2600  0.0946901
      2700  0.0957355
      2800  0.0971565
      2900  0.0990294
      3000    0.10143
