       300   0.140997
       400    0.15499
       500   0.167231
       600   0.177826
       700   0.186883
       800   0.194512
       900    0.20082
      1000   0.205914
      1100   0.209904
      1200   0.212896
      1300      0.215
      1400   0.216323
      1500   0.216974
      1600    0.21706
      1700   0.216689
      1800   0.215969
      1900    0.21501
      2000   0.213917
      2100   0.212801
      2200   0.211768
      2300   0.210927
      2400   0.210386
      2500   0.210253
      2600   0.210636
      2700   0.211643
      2800   0.213382
      2900   0.215961
      3000   0.219488
