       300 -0.00897875
       400 -0.0247404
       500 -0.0388169
       600 -0.0513039
       700 -0.0622971
       800 -0.0718923
       900  -0.080185
      1000 -0.0872711
      1100 -0.0932461
      1200 -0.0982058
      1300  -0.102246
      1400  -0.105462
      1500   -0.10795
      1600  -0.109805
      1700  -0.111123
      1800  -0.112001
      1900  -0.112532
      2000  -0.112814
      2100  -0.112942
      2200  -0.113011
      2300  -0.113118
      2400  -0.113357
      2500  -0.113825
      2600  -0.114618
      2700   -0.11583
      2800  -0.117558
      2900  -0.119897
      3000  -0.122944
