       300 -0.0165685
       400 -0.0188161
       500 -0.0207892
       600 -0.0225045
       700 -0.0239787
       800 -0.0252285
       900 -0.0262705
      1000 -0.0271213
      1100 -0.0277977
      1200 -0.0283163
      1300 -0.0286938
      1400 -0.0289468
      1500  -0.029092
      1600  -0.029146
      1700 -0.0291256
      1800 -0.0290474
      1900 -0.0289281
      2000 -0.0287842
      2100 -0.0286326
      2200 -0.0284898
      2300 -0.0283725
      2400 -0.0282974
      2500 -0.0282811
      2600 -0.0283404
      2700 -0.0284918
      2800 -0.0287521
      2900 -0.0291379
      3000 -0.0296658
