       300   0.122493
       400   0.136095
       500   0.148009
       600   0.158337
       700   0.167185
       800   0.174655
       900    0.18085
      1000   0.185874
      1100   0.189831
      1200   0.192824
      1300   0.194957
      1400   0.196332
      1500   0.197054
      1600   0.197226
      1700   0.196952
      1800   0.196334
      1900   0.195477
      2000   0.194484
      2100   0.193458
      2200   0.192503
      2300   0.191723
      2400    0.19122
      2500   0.191098
      2600   0.191461
      2700   0.192413
      2800   0.194056
      2900   0.196495
      3000   0.199832
