       300 -0.0346542
       400 -0.0398511
       500 -0.0444185
       600 -0.0483943
       700 -0.0518167
       800 -0.0547236
       900 -0.0571531
      1000 -0.0591434
      1100 -0.0607324
      1200 -0.0619583
      1300  -0.062859
      1400 -0.0634728
      1500 -0.0638375
      1600 -0.0639913
      1700 -0.0639723
      1800 -0.0638185
      1900 -0.0635679
      2000 -0.0632588
      2100  -0.062929
      2200 -0.0626166
      2300 -0.0623599
      2400 -0.0621967
      2500 -0.0621651
      2600 -0.0623033
      2700 -0.0626493
      2800 -0.0632411
      2900 -0.0641169
      3000 -0.0653146
