       300 0.00696275
       400 0.00768805
       500 0.00832284
       600 0.00887269
       700 0.00934316
       800 0.00973982
       900  0.0100682
      1000   0.010334
      1100  0.0105426
      1200  0.0106996
      1300  0.0108107
      1400  0.0108813
      1500  0.0109171
      1600  0.0109236
      1700  0.0109064
      1800  0.0108709
      1900  0.0108229
      2000  0.0107679
      2100  0.0107114
      2200   0.010659
      2300  0.0106162
      2400  0.0105887
      2500  0.0105819
      2600  0.0106015
      2700  0.0106531
      2800  0.0107421
      2900  0.0108741
      3000  0.0110548
