       300 7.54221e-05
       400 -0.00124755
       500 -0.0024348
       600 -0.00349385
       700 -0.0044322
       800 -0.00525738
       900 -0.0059769
      1000 -0.00659827
      1100 -0.00712902
      1200 -0.00757666
      1300 -0.00794871
      1400 -0.00825267
      1500 -0.00849608
      1600 -0.00868644
      1700 -0.00883127
      1800 -0.00893809
      1900 -0.00901441
      2000 -0.00906775
      2100 -0.00910562
      2200 -0.00913555
      2300 -0.00916504
      2400 -0.00920162
      2500 -0.0092528
      2600 -0.00932609
      2700 -0.00942902
      2800 -0.0095691
      2900 -0.00975384
      3000 -0.00999076
