       300 -0.0208149
       400 -0.0344406
       500 -0.0465547
       600 -0.0572445
       700 -0.0665976
       800 -0.0747016
       900  -0.081644
      1000 -0.0875124
      1100 -0.0923942
      1200 -0.0963771
      1300 -0.0995485
      1400  -0.101996
      1500  -0.103807
      1600  -0.105069
      1700   -0.10587
      1800  -0.106298
      1900  -0.106439
      2000  -0.106381
      2100  -0.106212
      2200   -0.10602
      2300  -0.105891
      2400  -0.105914
      2500  -0.106176
      2600  -0.106764
      2700  -0.107767
      2800  -0.109271
      2900  -0.111364
      3000  -0.114134
