       300 -0.0102458
       400 0.00540901
       500  0.0195669
       600  0.0323067
       700  0.0437076
       800  0.0538483
       900  0.0628079
      1000  0.0706653
      1100  0.0774994
      1200  0.0833892
      1300  0.0884136
      1400  0.0926516
      1500  0.0961821
      1600   0.099084
      1700   0.101436
      1800   0.103318
      1900   0.104808
      2000   0.105985
      2100   0.106929
      2200   0.107717
      2300    0.10843
      2400   0.109145
      2500   0.109943
      2600   0.110901
      2700     0.1121
      2800   0.113617
      2900   0.115531
      3000   0.117923
