       300 -0.0173092
       400 -0.0329741
       500  -0.046925
       600 -0.0592605
       700 -0.0700791
       800 -0.0794795
       900 -0.0875601
      1000 -0.0944194
      1100  -0.100156
      1200  -0.104869
      1300  -0.108656
      1400  -0.111616
      1500  -0.113848
      1600   -0.11545
      1700   -0.11652
      1800  -0.117158
      1900  -0.117461
      2000  -0.117529
      2100   -0.11746
      2200  -0.117352
      2300  -0.117304
      2400  -0.117415
      2500  -0.117783
      2600  -0.118506
      2700  -0.119684
      2800  -0.121415
      2900  -0.123797
      3000  -0.126928
