       300 0.00466542
       400 0.00714549
       500 0.00934769
       600  0.0112882
       700  0.0129832
       800  0.0144488
       900  0.0157012
      1000  0.0167566
      1100  0.0176311
      1200  0.0183409
      1300  0.0189022
      1400  0.0193311
      1500  0.0196438
      1600  0.0198565
      1700  0.0199852
      1800  0.0200463
      1900  0.0200558
      2000    0.02003
      2100  0.0199849
      2200  0.0199368
      2300  0.0199018
      2400   0.019896
      2500  0.0199358
      2600  0.0200371
      2700  0.0202162
      2800  0.0204893
      2900  0.0208724
      3000  0.0213819
