       300   0.182721
       400   0.237776
       500   0.286472
       600   0.329183
       700   0.366286
       800   0.398154
       900   0.425165
      1000   0.447692
      1100   0.466112
      1200   0.480799
      1300   0.492129
      1400   0.500477
      1500   0.506219
      1600   0.509729
      1700   0.511384
      1800   0.511558
      1900   0.510626
      2000   0.508964
      2100   0.506948
      2200   0.504952
      2300   0.503352
      2400   0.502523
      2500    0.50284
      2600    0.50468
      2700   0.508416
      2800   0.514424
      2900    0.52308
      3000   0.534759
