       300 0.00185561
       400 -0.0136969
       500 -0.0276626
       600  -0.040129
       700 -0.0511837
       800 -0.0609143
       900 -0.0694084
      1000 -0.0767535
      1100 -0.0830371
      1200 -0.0883469
      1300 -0.0927703
      1400 -0.0963951
      1500 -0.0993086
      1600  -0.101599
      1700  -0.103353
      1800  -0.104658
      1900  -0.105603
      2000  -0.106274
      2100  -0.106759
      2200  -0.107146
      2300  -0.107523
      2400  -0.107976
      2500  -0.108594
      2600  -0.109464
      2700  -0.110674
      2800  -0.112311
      2900  -0.114463
      3000  -0.117216
