       300 -0.0204696
       400 -0.0247183
       500 -0.0284643
       600 -0.0317378
       700 -0.0345686
       800 -0.0369868
       900 -0.0390224
      1000 -0.0407054
      1100 -0.0420658
      1200 -0.0431336
      1300 -0.0439389
      1400 -0.0445116
      1500 -0.0448818
      1600 -0.0450794
      1700 -0.0451345
      1800 -0.0450771
      1900 -0.0449371
      2000 -0.0447447
      2100 -0.0445297
      2200 -0.0443223
      2300 -0.0441524
      2400   -0.04405
      2500 -0.0440452
      2600 -0.0441679
      2700 -0.0444481
      2800 -0.0449159
      2900 -0.0456013
      3000 -0.0465343
