       300 0.000483684
       400 -0.000753464
       500 -0.0018679
       600 -0.00286627
       700 -0.00375522
       800 -0.00454138
       900 -0.00523142
      1000 -0.00583196
      1100 -0.00634965
      1200 -0.00679115
      1300 -0.00716308
      1400 -0.0074721
      1500 -0.00772485
      1600 -0.00792798
      1700 -0.00808812
      1800 -0.00821192
      1900 -0.00830603
      2000 -0.0083771
      2100 -0.00843175
      2200 -0.00847664
      2300 -0.00851842
      2400 -0.00856373
      2500 -0.0086192
      2600 -0.00869149
      2700 -0.00878724
      2800 -0.00891309
      2900 -0.00907569
      3000 -0.00928168
