       300 -0.0165772
       400  -0.020018
       500 -0.0230517
       600 -0.0257027
       700 -0.0279952
       800 -0.0299536
       900 -0.0316021
      1000  -0.032965
      1100 -0.0340668
      1200 -0.0349316
      1300 -0.0355837
      1400 -0.0360475
      1500 -0.0363473
      1600 -0.0365073
      1700  -0.036552
      1800 -0.0365054
      1900 -0.0363921
      2000 -0.0362363
      2100 -0.0360622
      2200 -0.0358942
      2300 -0.0357566
      2400 -0.0356737
      2500 -0.0356697
      2600 -0.0357691
      2700 -0.0359961
      2800 -0.0363749
      2900   -0.03693
      3000 -0.0376856
