       300 -0.0363552
       400 -0.0464697
       500 -0.0554102
       600 -0.0632462
       700  -0.070047
       800 -0.0758822
       900 -0.0808211
      1000 -0.0849332
      1100 -0.0882879
      1200 -0.0909547
      1300 -0.0930031
      1400 -0.0945024
      1500 -0.0955221
      1600 -0.0961316
      1700 -0.0964005
      1800  -0.096398
      1900 -0.0961937
      2000  -0.095857
      2100 -0.0954574
      2200 -0.0950642
      2300  -0.094747
      2400 -0.0945751
      2500  -0.094618
      2600 -0.0949452
      2700  -0.095626
      2800   -0.09673
      2900 -0.0983265
      3000  -0.100485
