       300   0.102283
       400   0.116018
       500   0.128075
       600   0.138555
       700   0.147561
       800   0.155193
       900   0.161556
      1000   0.166749
      1100   0.170876
      1200   0.174038
      1300   0.176337
      1400   0.177875
      1500   0.178755
      1600   0.179077
      1700   0.178945
      1800    0.17846
      1900   0.177723
      2000   0.176838
      2100   0.175906
      2200   0.175028
      2300   0.174308
      2400   0.173846
      2500   0.173746
      2600   0.174108
      2700   0.175034
      2800   0.176628
      2900    0.17899
      3000   0.182223
