       300   0.202147
       400   0.255129
       500   0.301938
       600    0.34294
       700   0.378502
       800   0.408988
       900   0.434764
      1000   0.456197
      1100   0.473652
      1200   0.487494
      1300    0.49809
      1400   0.505805
      1500   0.511005
      1600   0.514056
      1700   0.515323
      1800   0.515172
      1900   0.513969
      2000    0.51208
      2100    0.50987
      2200   0.507705
      2300   0.505951
      2400   0.504973
      2500   0.505138
      2600   0.506811
      2700   0.510357
      2800   0.516144
      2900   0.524535
      3000   0.535898
