       300 -0.00834024
       400 -0.0100242
       500 -0.0115085
       600 -0.0128052
       700 -0.0139261
       800 -0.0148833
       900 -0.0156885
      1000 -0.0163538
      1100  -0.016891
      1200 -0.0173122
      1300 -0.0176291
      1400 -0.0178539
      1500 -0.0179983
      1600 -0.0180743
      1700 -0.0180938
      1800 -0.0180689
      1900 -0.0180113
      2000  -0.017933
      2100  -0.017846
      2200 -0.0177622
      2300 -0.0176935
      2400 -0.0176518
      2500 -0.0176491
      2600 -0.0176973
      2700 -0.0178082
      2800  -0.017994
      2900 -0.0182664
      3000 -0.0186374
