       300  0.0928212
       400   0.105286
       500   0.116227
       600   0.125738
       700    0.13391
       800   0.140837
       900    0.14661
      1000   0.151323
      1100   0.155068
      1200   0.157938
      1300   0.160024
      1400    0.16142
      1500   0.162219
      1600   0.162511
      1700   0.162391
      1800   0.161951
      1900   0.161283
      2000   0.160479
      2100   0.159633
      2200   0.158837
      2300   0.158183
      2400   0.157764
      2500   0.157673
      2600   0.158001
      2700   0.158842
      2800   0.160289
      2900   0.162432
      3000   0.165366
