       300 -0.0359086
       400 -0.0457361
       500 -0.0544217
       600 -0.0620331
       700 -0.0686377
       800 -0.0743033
       900 -0.0790972
      1000 -0.0830872
      1100 -0.0863408
      1200 -0.0889255
      1300 -0.0909089
      1400 -0.0923587
      1500 -0.0933423
      1600 -0.0939273
      1700 -0.0941814
      1800  -0.094172
      1900 -0.0939668
      2000 -0.0936332
      2100  -0.093239
      2200 -0.0928517
      2300 -0.0925387
      2400 -0.0923678
      2500 -0.0924064
      2600 -0.0927222
      2700 -0.0933827
      2800 -0.0944554
      2900  -0.096008
      3000 -0.0981081
