       300 -9.63345e-06
       400 4.57379e-05
       500 9.54883e-05
       600 0.000139927
       700 0.000179363
       800 0.000214106
       900 0.000244464
      1000 0.000270747
      1100 0.000293264
      1200 0.000312324
      1300 0.000328236
      1400 0.00034131
      1500 0.000351855
      1600 0.000360179
      1700 0.000366592
      1800 0.000371403
      1900 0.000374921
      2000 0.000377455
      2100 0.000379315
      2200 0.000380809
      2300 0.000382247
      2400 0.000383938
      2500 0.000386192
      2600 0.000389316
      2700 0.00039362
      2800 0.000399414
      2900 0.000407007
      3000 0.000416707
