       300 0.00802101
       400  0.0115624
       500  0.0147034
       600  0.0174672
       700  0.0198774
       800  0.0219573
       900  0.0237303
      1000  0.0252198
      1100  0.0264493
      1200  0.0274421
      1300  0.0282216
      1400  0.0288113
      1500  0.0292344
      1600  0.0295145
      1700   0.029675
      1800  0.0297392
      1900  0.0297305
      2000  0.0296724
      2100  0.0295881
      2200  0.0295013
      2300  0.0294352
      2400  0.0294132
      2500  0.0294588
      2600  0.0295953
      2700  0.0298462
      2800  0.0302348
      2900  0.0307845
      3000  0.0315189
