       300 -0.0349323
       400 -0.0493009
       500 -0.0620387
       600 -0.0732409
       700 -0.0830032
       800 -0.0914209
       900 -0.0985895
      1000  -0.104605
      1100  -0.109561
      1200  -0.113556
      1300  -0.116683
      1400  -0.119038
      1500  -0.120717
      1600  -0.121815
      1700  -0.122428
      1800  -0.122651
      1900  -0.122579
      2000  -0.122309
      2100  -0.121935
      2200  -0.121553
      2300  -0.121258
      2400  -0.121147
      2500  -0.121313
      2600  -0.121854
      2700  -0.122864
      2800  -0.124438
      2900  -0.126673
      3000  -0.129664
