       300 -0.0046054
       400 -0.00536712
       500 -0.00603724
       600 -0.00662128
       700 -0.00712476
       800 -0.00755319
       900 -0.00791207
      1000 -0.00820694
      1100 -0.00844331
      1200 -0.00862668
      1300 -0.00876258
      1400 -0.00885651
      1500 -0.00891401
      1600 -0.00894057
      1700 -0.00894172
      1800 -0.00892297
      1900 -0.00888984
      2000 -0.00884783
      2100 -0.00880248
      2200 -0.00875928
      2300 -0.00872376
      2400 -0.00870143
      2500 -0.00869781
      2600 -0.00871842
      2700 -0.00876876
      2800 -0.00885435
      2900 -0.00898071
      3000 -0.00915335
