       300 0.00529535
       400 0.00617118
       500  0.0069417
       600 0.00761324
       700 0.00819214
       800 0.00868475
       900  0.0090974
      1000 0.00943644
      1100 0.00970822
      1200 0.00991906
      1300  0.0100753
      1400  0.0101833
      1500  0.0102494
      1600    0.01028
      1700  0.0102813
      1800  0.0102597
      1900  0.0102216
      2000  0.0101733
      2100  0.0101212
      2200  0.0100715
      2300  0.0100307
      2400   0.010005
      2500  0.0100009
      2600  0.0100245
      2700  0.0100824
      2800  0.0101808
      2900  0.0103261
      3000  0.0105246
