       300 -0.00117238
       400 0.00147884
       500 0.00386874
       600  0.0060114
       700 0.00792092
       800 0.00961137
       900  0.0110969
      1000  0.0123914
      1100  0.0135092
      1200  0.0144643
      1300  0.0152708
      1400  0.0159427
      1500  0.0164942
      1600  0.0169393
      1700  0.0172921
      1800  0.0175667
      1900  0.0177772
      2000  0.0179378
      2100  0.0180624
      2200  0.0181651
      2300  0.0182601
      2400  0.0183614
      2500  0.0184832
      2600  0.0186394
      2700  0.0188443
      2800  0.0191118
      2900  0.0194561
      3000  0.0198913
