       300  0.0639042
       400  0.0801324
       500  0.0944662
       600   0.107018
       700     0.1179
       800   0.127225
       900   0.135105
      1000   0.141652
      1100   0.146979
      1200   0.151198
      1300   0.154421
      1400   0.156761
      1500   0.158331
      1600   0.159242
      1700   0.159606
      1800   0.159538
      1900   0.159147
      2000   0.158548
      2100   0.157852
      2200   0.157171
      2300   0.156619
      2400   0.156307
      2500   0.156348
      2600   0.156854
      2700   0.157937
      2800   0.159711
      2900   0.162286
      3000   0.165776
