       300 -0.0236943
       400 -0.0374806
       500  -0.049729
       600 -0.0605288
       700 -0.0699693
       800 -0.0781397
       900 -0.0851293
      1000 -0.0910275
      1100 -0.0959234
      1200 -0.0999065
      1300  -0.103066
      1400  -0.105491
      1500  -0.107271
      1600  -0.108495
      1700  -0.109253
      1800  -0.109634
      1900  -0.109727
      2000  -0.109621
      2100  -0.109406
      2200  -0.109171
      2300  -0.109005
      2400  -0.108998
      2500  -0.109238
      2600  -0.109816
      2700   -0.11082
      2800   -0.11234
      2900  -0.114465
      3000  -0.117284
