       300 0.00037462
       400 -0.00322339
       500 -0.0064538
       600 -0.0093369
       700  -0.011893
       800 -0.0141424
       900 -0.0161054
      1000 -0.0178024
      1100 -0.0192535
      1200 -0.0204792
      1300 -0.0214997
      1400 -0.0223353
      1500 -0.0230063
      1600 -0.0235331
      1700 -0.0239359
      1800 -0.0242351
      1900 -0.0244508
      2000 -0.0246036
      2100 -0.0247136
      2200 -0.0248011
      2300 -0.0248865
      2400 -0.0249901
      2500 -0.0251321
      2600 -0.0253329
      2700 -0.0256128
      2800 -0.0259921
      2900  -0.026491
      3000 -0.0271299
