       300 -0.0172525
       400 -0.0204239
       500  -0.023217
       600 -0.0256543
       700 -0.0277586
       800 -0.0295525
       900 -0.0310588
      1000 -0.0323001
      1100 -0.0332992
      1200 -0.0340787
      1300 -0.0346613
      1400 -0.0350697
      1500 -0.0353266
      1600 -0.0354547
      1700 -0.0354767
      1800 -0.0354153
      1900 -0.0352931
      2000 -0.0351329
      2100 -0.0349574
      2200 -0.0347892
      2300  -0.034651
      2400 -0.0345656
      2500 -0.0345556
      2600 -0.0346437
      2700 -0.0348526
      2800  -0.035205
      2900 -0.0357236
      3000  -0.036431
