       300  0.0105026
       400  0.0151396
       500  0.0192523
       600  0.0228712
       700  0.0260271
       800  0.0287504
       900   0.031072
      1000  0.0330224
      1100  0.0346322
      1200  0.0359321
      1300  0.0369528
      1400  0.0377249
      1500   0.038279
      1600  0.0386458
      1700  0.0388559
      1800  0.0389399
      1900  0.0389285
      2000  0.0388524
      2100  0.0387421
      2200  0.0386284
      2300  0.0385418
      2400  0.0385131
      2500  0.0385727
      2600  0.0387515
      2700    0.03908
      2800  0.0395888
      2900  0.0403087
      3000  0.0412702
