       300  0.0239216
       400  0.0269291
       500  0.0295672
       600  0.0318583
       700  0.0338249
       800  0.0354895
       900  0.0368747
      1000   0.038003
      1100  0.0388968
      1200  0.0395788
      1300  0.0400713
      1400   0.040397
      1500  0.0405783
      1600  0.0406378
      1700  0.0405979
      1800  0.0404812
      1900  0.0403102
      2000  0.0401074
      2100  0.0398954
      2200  0.0396966
      2300  0.0395335
      2400  0.0394287
      2500  0.0394048
      2600  0.0394841
      2700  0.0396892
      2800  0.0400426
      2900  0.0405669
      3000  0.0412846
