       300  0.0673468
       400  0.0844492
       500  0.0995552
       600   0.112783
       700   0.124251
       800   0.134079
       900   0.142383
      1000   0.149283
      1100   0.154896
      1200   0.159343
      1300    0.16274
      1400   0.165206
      1500    0.16686
      1600    0.16782
      1700   0.168205
      1800   0.168132
      1900   0.167721
      2000   0.167089
      2100   0.166356
      2200   0.165639
      2300   0.165056
      2400   0.164728
      2500   0.164771
      2600   0.165304
      2700   0.166446
      2800   0.168314
      2900   0.171029
      3000   0.174707
