       300 -0.0011317
       400 0.00142754
       500 0.00373451
       600 0.00580284
       700  0.0076461
       800  0.0092779
       900  0.0107118
      1000  0.0119615
      1100  0.0130405
      1200  0.0139625
      1300  0.0147409
      1400  0.0153895
      1500  0.0159219
      1600  0.0163515
      1700  0.0166921
      1800  0.0169572
      1900  0.0171605
      2000  0.0173154
      2100  0.0174357
      2200  0.0175349
      2300  0.0176266
      2400  0.0177244
      2500  0.0178419
      2600  0.0179927
      2700  0.0181905
      2800  0.0184487
      2900  0.0187811
      3000  0.0192011
