       300 0.00186311
       400 0.00302166
       500 0.00405137
       600 0.00495971
       700 0.00575415
       800 0.00644215
       900 0.00703119
      1000 0.00752874
      1100 0.00794225
      1200 0.00827921
      1300 0.00854708
      1400 0.00875333
      1500 0.00890543
      1600 0.00901085
      1700 0.00907705
      1800 0.00911151
      1900  0.0091217
      2000 0.00911509
      2100 0.00909913
      2200 0.00908131
      2300 0.00906909
      2400 0.00906994
      2500 0.00909134
      2600 0.00914074
      2700 0.00922562
      2800 0.00935344
      2900 0.00953169
      3000 0.00976781
