       300 -0.00830076
       400 0.00999399
       500  0.0264881
       600  0.0412786
       700  0.0544624
       800  0.0661364
       900  0.0763977
      1000  0.0853433
      1100    0.09307
      1200  0.0996748
      1300   0.105255
      1400   0.109907
      1500   0.113728
      1600   0.116815
      1700   0.119265
      1800   0.121175
      1900   0.122642
      2000   0.123763
      2100   0.124635
      2200   0.125354
      2300   0.126018
      2400   0.126724
      2500   0.127569
      2600   0.128649
      2700   0.130062
      2800   0.131905
      2900   0.134274
      3000   0.137267
