       300 -0.0207761
       400 -0.0318022
       500 -0.0415928
       600 -0.0502199
       700 -0.0577553
       800 -0.0642709
       900 -0.0698385
      1000 -0.0745302
      1100 -0.0784176
      1200 -0.0815728
      1300 -0.0840676
      1400 -0.0859738
      1500 -0.0873634
      1600 -0.0883082
      1700 -0.0888801
      1800  -0.089151
      1900 -0.0891927
      2000 -0.0890772
      2100 -0.0888763
      2200 -0.0886619
      2300 -0.0885058
      2400   -0.08848
      2500 -0.0886563
      2600 -0.0891066
      2700 -0.0899028
      2800 -0.0911167
      2900 -0.0928203
      3000 -0.0950854
