       300  0.0726587
       400  0.0915365
       500   0.108214
       600   0.122821
       700   0.135488
       800   0.146347
       900   0.155526
      1000   0.163157
      1100    0.16937
      1200   0.174296
      1300   0.178064
      1400   0.180806
      1500   0.182651
      1600    0.18373
      1700   0.184174
      1800   0.184113
      1900   0.183678
      2000   0.182998
      2100   0.182204
      2200   0.181427
      2300   0.180798
      2400   0.180445
      2500   0.180501
      2600   0.181095
      2700   0.182358
      2800    0.18442
      2900   0.187411
      3000   0.191463
