       300  0.0102046
       400  0.0118924
       500  0.0133772
       600  0.0146713
       700  0.0157869
       800  0.0167362
       900  0.0175314
      1000  0.0181848
      1100  0.0187085
      1200  0.0191149
      1300   0.019416
      1400  0.0196241
      1500  0.0197515
      1600  0.0198104
      1700  0.0198129
      1800  0.0197714
      1900   0.019698
      2000  0.0196049
      2100  0.0195044
      2200  0.0194087
      2300    0.01933
      2400  0.0192805
      2500  0.0192725
      2600  0.0193181
      2700  0.0194297
      2800  0.0196193
      2900  0.0198993
      3000  0.0202818
