       300    0.10011
       400   0.128047
       500   0.152741
       600   0.174386
       700   0.193172
       800   0.209291
       900   0.222935
      1000   0.234296
      1100   0.243565
      1200   0.250934
      1300   0.256595
      1400    0.26074
      1500    0.26356
      1600   0.265248
      1700   0.265994
      1800   0.265991
      1900    0.26543
      2000   0.264503
      2100   0.263403
      2200    0.26232
      2300   0.261446
      2400   0.260973
      2500   0.261093
      2600   0.261998
      2700   0.263879
      2800   0.266928
      2900   0.271337
      3000   0.277298
