       300   0.150717
       400   0.172159
       500   0.190993
       600   0.207377
       700   0.221468
       800   0.233425
       900   0.243406
      1000   0.251568
      1100    0.25807
      1200   0.263071
      1300   0.266727
      1400   0.269197
      1500    0.27064
      1600   0.271212
      1700   0.271073
      1800    0.27038
      1900   0.269292
      2000   0.267965
      2100   0.266559
      2200   0.265232
      2300   0.264141
      2400   0.263445
      2500   0.263301
      2600   0.263868
      2700   0.265303
      2800   0.267766
      2900   0.271413
      3000   0.276403
