       300  0.0590617
       400  0.0694431
       500  0.0785818
       600  0.0865524
       700  0.0934295
       800  0.0992878
       900   0.104202
      1000   0.108247
      1100   0.111497
      1200   0.114026
      1300    0.11591
      1400   0.117223
      1500    0.11804
      1600   0.118435
      1700   0.118484
      1800    0.11826
      1900   0.117838
      2000   0.117293
      2100     0.1167
      2200   0.116134
      2300   0.115668
      2400   0.115378
      2500   0.115338
      2600   0.115622
      2700   0.116307
      2800   0.117465
      2900   0.119173
      3000   0.121504
