       300  0.0401799
       400  0.0488355
       500  0.0564698
       600  0.0631435
       700  0.0689177
       800  0.0738532
       900  0.0780108
      1000  0.0814516
      1100  0.0842364
      1200  0.0864261
      1300  0.0880816
      1400  0.0892639
      1500  0.0900337
      1600  0.0904521
      1700    0.09058
      1800  0.0904781
      1900  0.0902075
      2000   0.089829
      2100  0.0894036
      2200  0.0889921
      2300  0.0886555
      2400  0.0884546
      2500  0.0884503
      2600  0.0887036
      2700  0.0892754
      2800  0.0902265
      2900  0.0916179
      3000  0.0935104
