       300 -0.00470792
       400 -0.00682768
       500 -0.00870797
       600 -0.0103628
       700 -0.0118061
       800 -0.0130519
       900 -0.0141141
      1000 -0.0150068
      1100  -0.015744
      1200 -0.0163396
      1300 -0.0168076
      1400 -0.0171621
      1500 -0.0174169
      1600 -0.0175861
      1700 -0.0176837
      1800 -0.0177236
      1900 -0.0177198
      2000 -0.0176864
      2100 -0.0176373
      2200 -0.0175865
      2300  -0.017548
      2400 -0.0175358
      2500 -0.0175638
      2600  -0.017646
      2700 -0.0177965
      2800 -0.0180292
      2900 -0.0183581
      3000 -0.0187972
