       300   0.378664
       400   0.404469
       500   0.426937
       600   0.446278
       700   0.462702
       800   0.476417
       900   0.487634
      1000   0.496563
      1100   0.503412
      1200   0.508392
      1300   0.511712
      1400   0.513582
      1500   0.514211
      1600   0.513809
      1700   0.512586
      1800   0.510751
      1900   0.508513
      2000   0.506084
      2100   0.503671
      2200   0.501485
      2300   0.499735
      2400   0.498632
      2500   0.498383
      2600     0.4992
      2700   0.501292
      2800   0.504868
      2900   0.510138
      3000   0.517312
