       300 -0.00414497
       400  0.0101998
       500  0.0231053
       600  0.0346499
       700  0.0449123
       800   0.053971
       900  0.0619046
      1000  0.0687915
      1100  0.0747104
      1200  0.0797398
      1300  0.0839583
      1400  0.0874443
      1500  0.0902766
      1600  0.0925335
      1700  0.0942937
      1800  0.0956357
      1900   0.096638
      2000  0.0973793
      2100   0.097938
      2200  0.0983928
      2300  0.0988221
      2400  0.0993046
      2500  0.0999187
      2600   0.100743
      2700   0.101856
      2800   0.103337
      2900   0.105263
      3000   0.107714
