       300    0.03335
       400  0.0495313
       500  0.0638914
       600  0.0765367
       700  0.0875732
       800  0.0971071
       900   0.105245
      1000   0.112092
      1100   0.117755
      1200    0.12234
      1300   0.125954
      1400   0.128702
      1500   0.130691
      1600   0.132026
      1700   0.132815
      1800   0.133163
      1900   0.133176
      2000    0.13296
      2100   0.132622
      2200   0.132268
      2300   0.132005
      2400   0.131937
      2500   0.132171
      2600   0.132815
      2700   0.133973
      2800   0.135751
      2900   0.138257
      3000   0.141596
