       300  0.0175166
       400  0.0297738
       500  0.0406751
       600  0.0502989
       700  0.0587238
       800  0.0660279
       900  0.0722898
      1000  0.0775879
      1100  0.0820004
      1200  0.0856059
      1300  0.0884827
      1400  0.0907092
      1500  0.0923638
      1600  0.0935249
      1700  0.0942708
      1800  0.0946801
      1900   0.094831
      2000   0.094802
      2100  0.0946715
      2200  0.0945178
      2300  0.0944194
      2400  0.0944546
      2500  0.0947018
      2600  0.0952395
      2700  0.0961459
      2800  0.0974996
      2900   0.099379
      3000   0.101862
