       300 -0.00304622
       400 -0.00441779
       500 -0.00563442
       600 -0.00670514
       700 -0.00763902
       800 -0.0084451
       900 -0.00913243
      1000 -0.00971006
      1100  -0.010187
      1200 -0.0105724
      1300 -0.0108753
      1400 -0.0111046
      1500 -0.0112695
      1600 -0.0113789
      1700 -0.0114421
      1800 -0.0114679
      1900 -0.0114655
      2000 -0.0114439
      2100 -0.0114121
      2200 -0.0113792
      2300 -0.0113543
      2400 -0.0113464
      2500 -0.0113645
      2600 -0.0114177
      2700 -0.0115151
      2800 -0.0116656
      2900 -0.0118785
      3000 -0.0121626
