       300 0.00101321
       400 0.00181935
       500 0.00253682
       600 0.00317072
       700 0.00372617
       800 0.00420829
       900 0.00462218
      1000 0.00497296
      1100 0.00526574
      1200 0.00550563
      1300 0.00569775
      1400 0.00584721
      1500 0.00595912
      1600  0.0060386
      1700 0.00609076
      1800 0.00612071
      1900 0.00613356
      2000 0.00613443
      2100 0.00612843
      2200 0.00612067
      2300 0.00611627
      2400 0.00612034
      2500 0.00613799
      2600 0.00617433
      2700 0.00623448
      2800 0.00632355
      2900 0.00644666
      3000 0.00660891
