       300 0.00276382
       400 0.00439462
       500 0.00584363
       600 0.00712138
       700 0.00823843
       800 0.00920533
       900  0.0100326
      1000  0.0107309
      1100  0.0113107
      1200  0.0117825
      1300  0.0121569
      1400  0.0124446
      1500  0.0126559
      1600  0.0128015
      1700  0.0128919
      1800  0.0129376
      1900  0.0129493
      2000  0.0129375
      2100  0.0129127
      2200  0.0128855
      2300  0.0128664
      2400   0.012866
      2500  0.0128948
      2600  0.0129634
      2700  0.0130823
      2800  0.0132621
      2900  0.0135134
      3000  0.0138466
