       300 -7.97554e-06
       400 0.00088241
       500 0.00168108
       600 0.00239314
       700 0.00302367
       800 0.00357776
       900 0.00406051
      1000 0.00447701
      1100 0.00483235
      1200 0.00513161
      1300 0.00537991
      1400 0.00558232
      1500 0.00574393
      1600 0.00586985
      1700 0.00596516
      1800 0.00603495
      1900 0.00608431
      2000 0.00611835
      2100 0.00614214
      2200 0.00616078
      2300 0.00617936
      2400 0.00620298
      2500 0.00623672
      2600 0.00628569
      2700 0.00635496
      2800 0.00644963
      2900  0.0065748
      3000 0.00673555
