       300  0.0831092
       400  0.0941709
       500    0.10388
       600   0.112318
       700   0.119568
       800   0.125712
       900   0.130832
      1000    0.13501
      1100   0.138329
      1200    0.14087
      1300   0.142716
      1400    0.14395
      1500   0.144652
      1600   0.144907
      1700   0.144795
      1800   0.144399
      1900   0.143801
      2000   0.143084
      2100   0.142329
      2200   0.141619
      2300   0.141036
      2400   0.140662
      2500    0.14058
      2600   0.140872
      2700   0.141619
      2800   0.142905
      2900    0.14481
      3000   0.147419
