       300   0.138289
       400   0.157963
       500   0.175244
       600   0.190276
       700   0.203206
       800   0.214177
       900   0.223334
      1000   0.230824
      1100    0.23679
      1200   0.241378
      1300   0.244733
      1400   0.246999
      1500   0.248323
      1600   0.248848
      1700    0.24872
      1800   0.248085
      1900   0.247086
      2000   0.245869
      2100   0.244579
      2200   0.243361
      2300    0.24236
      2400   0.241721
      2500   0.241589
      2600   0.242109
      2700   0.243426
      2800   0.245686
      2900   0.249032
      3000   0.253611
