       300   0.145663
       400   0.166387
       500   0.184589
       600   0.200423
       700   0.214042
       800   0.225598
       900   0.235244
      1000   0.243132
      1100   0.249417
      1200   0.254249
      1300   0.257783
      1400   0.260171
      1500   0.261565
      1600   0.262118
      1700   0.261984
      1800   0.261314
      1900   0.260262
      2000    0.25898
      2100   0.257621
      2200   0.256338
      2300   0.255284
      2400   0.254611
      2500   0.254472
      2600    0.25502
      2700   0.256407
      2800   0.258787
      2900   0.262312
      3000   0.267135
