       300  0.0376228
       400  0.0449872
       500  0.0514768
       600  0.0571439
       700   0.062041
       800  0.0662202
       900   0.069734
      1000  0.0726346
      1100  0.0749745
      1200  0.0768059
      1300  0.0781812
      1400  0.0791528
      1500  0.0797729
      1600  0.0800939
      1700  0.0801682
      1800   0.080048
      1900  0.0797857
      2000  0.0794337
      2100  0.0790443
      2200  0.0786698
      2300  0.0783625
      2400  0.0781749
      2500  0.0781591
      2600  0.0783677
      2700  0.0788528
      2800  0.0796669
      2900  0.0808622
      3000  0.0824912
