       300  0.0348138
       400  0.0517054
       500  0.0666959
       600  0.0798962
       700  0.0914171
       800   0.101369
       900   0.109864
      1000   0.117012
      1100   0.122924
      1200    0.12771
      1300   0.131483
      1400   0.134351
      1500   0.136427
      1600   0.137822
      1700   0.138645
      1800   0.139008
      1900   0.139021
      2000   0.138796
      2100   0.138444
      2200   0.138074
      2300   0.137799
      2400   0.137728
      2500   0.137973
      2600   0.138644
      2700   0.139853
      2800    0.14171
      2900   0.144326
      3000   0.147811
