       300 0.00115444
       400  0.0139724
       500  0.0254599
       600  0.0356912
       700  0.0447403
       800  0.0526817
       900  0.0595895
      1000  0.0655379
      1100  0.0706012
      1200  0.0748536
      1300  0.0783694
      1400  0.0812227
      1500  0.0834878
      1600   0.085239
      1700  0.0865504
      1800  0.0874963
      1900  0.0881509
      2000  0.0885885
      2100  0.0888833
      2200  0.0891095
      2300  0.0893413
      2400   0.089653
      2500  0.0901188
      2600   0.090813
      2700  0.0918097
      2800  0.0931832
      2900  0.0950078
      3000  0.0973576
