       300   0.170929
       400   0.192566
       500   0.211546
       600   0.228031
       700   0.242183
       800   0.254163
       900   0.264134
      1000   0.272258
      1100   0.278695
      1200   0.283609
      1300   0.287161
      1400   0.289512
      1500   0.290825
      1600   0.291261
      1700   0.290982
      1800    0.29015
      1900   0.288928
      2000   0.287475
      2100   0.285956
      2200   0.284531
      2300   0.283361
      2400    0.28261
      2500   0.282439
      2600   0.283009
      2700   0.284483
      2800   0.287022
      2900   0.290789
      3000   0.295944
