       300  0.0680527
       400  0.0766671
       500  0.0842236
       600  0.0907869
       700  0.0964212
       800   0.101191
       900   0.105161
      1000   0.108395
      1100   0.110958
      1200   0.112915
      1300   0.114329
      1400   0.115265
      1500   0.115787
      1600   0.115961
      1700    0.11585
      1800   0.115519
      1900   0.115032
      2000   0.114454
      2100   0.113849
      2200   0.113281
      2300   0.112816
      2400   0.112517
      2500   0.112449
      2600   0.112676
      2700   0.113263
      2800   0.114273
      2900   0.115773
      3000   0.117826
