       300   -0.15602
       400  -0.162303
       500  -0.167741
       600  -0.172388
       700    -0.1763
       800  -0.179529
       900  -0.182131
      1000   -0.18416
      1100  -0.185671
      1200  -0.186717
      1300  -0.187352
      1400  -0.187633
      1500  -0.187612
      1600  -0.187344
      1700  -0.186884
      1800  -0.186286
      1900  -0.185604
      2000  -0.184893
      2100  -0.184207
      2200    -0.1836
      2300  -0.183127
      2400  -0.182842
      2500    -0.1828
      2600  -0.183055
      2700  -0.183661
      2800  -0.184673
      2900  -0.186144
      3000  -0.188131
