       300  -0.177283
       400  -0.200289
       500  -0.220475
       600  -0.238013
       700  -0.253076
       800  -0.265834
       900  -0.276458
      1000  -0.285122
      1100  -0.291995
      1200  -0.297249
      1300  -0.301057
      1400   -0.30359
      1500  -0.305018
      1600  -0.305514
      1700  -0.305249
      1800  -0.304395
      1900  -0.303123
      2000  -0.301605
      2100  -0.300012
      2200  -0.298516
      2300  -0.297288
      2400    -0.2965
      2500  -0.296323
      2600  -0.296929
      2700   -0.29849
      2800  -0.301176
      2900   -0.30516
      3000  -0.310613
