       300  -0.122684
       400  -0.152979
       500  -0.179732
       600  -0.203152
       700  -0.223449
       800  -0.240835
       900  -0.255519
      1000  -0.267712
      1100  -0.277624
      1200  -0.285465
      1300  -0.291446
      1400  -0.295776
      1500  -0.298667
      1600  -0.300328
      1700  -0.300971
      1800  -0.300804
      1900  -0.300039
      2000  -0.298886
      2100  -0.297555
      2200  -0.296256
      2300    -0.2952
      2400  -0.294597
      2500  -0.294657
      2600  -0.295591
      2700  -0.297609
      2800  -0.300922
      2900  -0.305739
      3000   -0.31227
