       300  -0.173762
       400  -0.184688
       500  -0.194193
       600  -0.202365
       700  -0.209294
       800   -0.21507
       900  -0.219783
      1000  -0.223522
      1100  -0.226378
      1200  -0.228439
      1300  -0.229795
      1400  -0.230537
      1500  -0.230753
      1600  -0.230534
      1700  -0.229969
      1800  -0.229148
      1900  -0.228161
      2000  -0.227097
      2100  -0.226046
      2200  -0.225098
      2300  -0.224342
      2400  -0.223868
      2500  -0.223766
      2600  -0.224126
      2700  -0.225036
      2800  -0.226588
      2900   -0.22887
      3000  -0.231972
