       300 -0.0763094
       400 -0.0986438
       500  -0.118394
       600  -0.135712
       700  -0.150751
       800  -0.163664
       900  -0.174603
      1000  -0.183721
      1100   -0.19117
      1200  -0.197103
      1300  -0.201673
      1400  -0.205032
      1500  -0.207333
      1600  -0.208729
      1700  -0.209372
      1800  -0.209415
      1900  -0.209011
      2000  -0.208312
      2100  -0.207471
      2200   -0.20664
      2300  -0.205972
      2400   -0.20562
      2500  -0.205736
      2600  -0.206474
      2700  -0.207985
      2800  -0.210422
      2900  -0.213939
      3000  -0.218686
