       300 -0.0639448
       400 -0.0864551
       500  -0.106389
       600  -0.123897
       700  -0.139131
       800  -0.152242
       900  -0.163382
      1000  -0.172703
      1100  -0.180355
      1200   -0.18649
      1300   -0.19126
      1400  -0.194816
      1500  -0.197309
      1600  -0.198891
      1700  -0.199714
      1800  -0.199928
      1900  -0.199685
      2000  -0.199137
      2100  -0.198435
      2200  -0.197731
      2300  -0.197175
      2400   -0.19692
      2500  -0.197116
      2600  -0.197916
      2700   -0.19947
      2800   -0.20193
      2900  -0.205448
      3000  -0.210175
