       300  -0.162298
       400  -0.170847
       500  -0.178268
       600  -0.184633
       700  -0.190013
       800   -0.19448
       900  -0.198107
      1000  -0.200963
      1100  -0.203123
      1200  -0.204656
      1300  -0.205635
      1400  -0.206132
      1500  -0.206219
      1600  -0.205966
      1700  -0.205447
      1800  -0.204732
      1900  -0.203894
      2000  -0.203004
      2100  -0.202134
      2200  -0.201356
      2300  -0.200742
      2400  -0.200362
      2500   -0.20029
      2600  -0.200597
      2700  -0.201354
      2800  -0.202633
      2900  -0.204507
      3000  -0.207046
