       300  -0.199132
       400    -0.2203
       500  -0.238831
       600  -0.254887
       700   -0.26863
       800  -0.280222
       900  -0.289825
      1000    -0.2976
      1100  -0.303711
      1200  -0.308318
      1300  -0.311584
      1400  -0.313671
      1500   -0.31474
      1600  -0.314954
      1700  -0.314475
      1800  -0.313465
      1900  -0.312085
      2000  -0.310498
      2100  -0.308865
      2200  -0.307349
      2300  -0.306112
      2400  -0.305315
      2500   -0.30512
      2600   -0.30569
      2700  -0.307186
      2800  -0.309771
      2900  -0.313606
      3000  -0.318853
