       300  -0.175351
       400  -0.184588
       500  -0.192606
       600  -0.199483
       700  -0.205296
       800  -0.210122
       900   -0.21404
      1000  -0.217126
      1100  -0.219459
      1200  -0.221116
      1300  -0.222174
      1400  -0.222711
      1500  -0.222804
      1600  -0.222532
      1700  -0.221971
      1800  -0.221198
      1900  -0.220293
      2000  -0.219331
      2100  -0.218392
      2200  -0.217551
      2300  -0.216887
      2400  -0.216477
      2500  -0.216399
      2600   -0.21673
      2700  -0.217548
      2800   -0.21893
      2900  -0.220955
      3000  -0.223698
