       300 -0.0475412
       400 -0.0495891
       500 -0.0513628
       600   -0.05288
       700 -0.0541582
       800  -0.055215
       900  -0.056068
      1000 -0.0567348
      1100  -0.057233
      1200 -0.0575802
      1300 -0.0577941
      1400  -0.057892
      1500 -0.0578918
      1600  -0.057811
      1700 -0.0576671
      1800 -0.0574778
      1900 -0.0572606
      2000 -0.0570332
      2100 -0.0568132
      2200 -0.0566181
      2300 -0.0564655
      2400 -0.0563731
      2500 -0.0563584
      2600  -0.056439
      2700 -0.0566326
      2800 -0.0569566
      2900 -0.0574288
      3000 -0.0580667
