       300 -0.0265969
       400 -0.0286487
       500 -0.0304379
       600 -0.0319809
       700 -0.0332941
       800 -0.0343938
       900 -0.0352966
      1000 -0.0360187
      1100 -0.0365765
      1200 -0.0369865
      1300  -0.037265
      1400 -0.0374285
      1500 -0.0374933
      1600 -0.0374758
      1700 -0.0373925
      1800 -0.0372597
      1900 -0.0370937
      2000 -0.0369111
      2100 -0.0367281
      2200 -0.0365613
      2300 -0.0364269
      2400 -0.0363414
      2500 -0.0363211
      2600 -0.0363825
      2700  -0.036542
      2800 -0.0368159
      2900 -0.0372207
      3000 -0.0377726
