       300  -0.115851
       400  -0.144719
       500  -0.170213
       600  -0.192534
       700   -0.21188
       800  -0.228454
       900  -0.242454
      1000  -0.254082
      1100  -0.263537
      1200  -0.271019
      1300  -0.276729
      1400  -0.280868
      1500  -0.283634
      1600   -0.28523
      1700  -0.285854
      1800  -0.285707
      1900  -0.284989
      2000  -0.283901
      2100  -0.282642
      2200  -0.281413
      2300  -0.280415
      2400  -0.279846
      2500  -0.279909
      2600  -0.280802
      2700  -0.282726
      2800  -0.285882
      2900  -0.290469
      3000  -0.296688
