       300  -0.079302
       400 -0.0999058
       500  -0.118108
       600  -0.134051
       700  -0.147876
       800  -0.159727
       900  -0.169746
      1000  -0.178075
      1100  -0.184856
      1200  -0.190232
      1300  -0.194345
      1400  -0.197337
      1500  -0.199351
      1600  -0.200529
      1700  -0.201014
      1800  -0.200947
      1900  -0.200472
      2000   -0.19973
      2100  -0.198864
      2200  -0.198016
      2300  -0.197328
      2400  -0.196944
      2500  -0.197004
      2600  -0.197653
      2700  -0.199031
      2800  -0.201281
      2900  -0.204546
      3000  -0.208968
