       300  -0.124652
       400   -0.13631
       500  -0.146501
       600  -0.155314
       700   -0.16284
       800  -0.169171
       900  -0.174396
      1000  -0.178607
      1100  -0.181895
      1200   -0.18435
      1300  -0.186062
      1400  -0.187124
      1500  -0.187625
      1600  -0.187656
      1700  -0.187308
      1800  -0.186671
      1900  -0.185837
      2000  -0.184897
      2100   -0.18394
      2200  -0.183058
      2300  -0.182342
      2400  -0.181882
      2500  -0.181768
      2600  -0.182093
      2700  -0.182946
      2800  -0.184418
      2900    -0.1866
      3000  -0.189583
