       300 -0.0559501
       400 -0.0897902
       500  -0.119862
       600  -0.146385
       700  -0.169576
       800  -0.189655
       900   -0.20684
      1000   -0.22135
      1100  -0.233403
      1200  -0.243218
      1300  -0.251014
      1400  -0.257008
      1500  -0.261421
      1600  -0.264469
      1700  -0.266373
      1800  -0.267349
      1900  -0.267618
      2000  -0.267397
      2100  -0.266906
      2200  -0.266362
      2300  -0.265984
      2400  -0.265991
      2500  -0.266602
      2600  -0.268035
      2700  -0.270508
      2800  -0.274241
      2900  -0.279451
      3000  -0.286358
