       300  -0.107304
       400  -0.137248
       500  -0.163717
       600  -0.186917
       700  -0.207053
       800   -0.22433
       900  -0.238955
      1000  -0.251132
      1100  -0.261067
      1200  -0.268966
      1300  -0.275034
      1400  -0.279476
      1500  -0.282499
      1600  -0.284308
      1700  -0.285108
      1800  -0.285105
      1900  -0.284504
      2000   -0.28351
      2100   -0.28233
      2200   -0.28117
      2300  -0.280233
      2400  -0.279726
      2500  -0.279855
      2600  -0.280825
      2700  -0.282841
      2800  -0.286109
      2900  -0.290835
      3000  -0.297224
