       300  -0.010981
       400 -0.0124972
       500 -0.0138285
       600 -0.0149861
       700 -0.0159813
       800 -0.0168252
       900 -0.0175292
      1000 -0.0181043
      1100 -0.0185619
      1200 -0.0189131
      1300 -0.0191692
      1400 -0.0193414
      1500 -0.0194408
      1600 -0.0194788
      1700 -0.0194665
      1800 -0.0194151
      1900 -0.0193359
      2000 -0.0192401
      2100 -0.0191389
      2200 -0.0190435
      2300 -0.0189651
      2400 -0.0189149
      2500 -0.0189043
      2600 -0.0189443
      2700 -0.0190462
      2800 -0.0192212
      2900 -0.0194805
      3000 -0.0198354
