       300  -0.116524
       400  -0.143879
       500  -0.168025
       600  -0.189151
       700   -0.20745
       800  -0.223112
       900  -0.236328
      1000  -0.247288
      1100  -0.256183
      1200  -0.263205
      1300  -0.268544
      1400  -0.272391
      1500  -0.274937
      1600  -0.276372
      1700  -0.276888
      1800  -0.276675
      1900  -0.275924
      2000  -0.274826
      2100  -0.273571
      2200  -0.272351
      2300  -0.271357
      2400  -0.270779
      2500  -0.270808
      2600  -0.271635
      2700   -0.27345
      2800  -0.276445
      2900  -0.280811
      3000  -0.286738
