       300 -0.0136194
       400 -0.0146701
       500 -0.0155863
       600 -0.0163764
       700 -0.0170488
       800  -0.017612
       900 -0.0180742
      1000  -0.018444
      1100 -0.0187296
      1200 -0.0189396
      1300 -0.0190822
      1400 -0.0191659
      1500 -0.0191991
      1600 -0.0191902
      1700 -0.0191475
      1800 -0.0190795
      1900 -0.0189945
      2000  -0.018901
      2100 -0.0188073
      2200 -0.0187218
      2300  -0.018653
      2400 -0.0186092
      2500 -0.0185989
      2600 -0.0186303
      2700  -0.018712
      2800 -0.0188522
      2900 -0.0190595
      3000 -0.0193421
