       300  -0.105537
       400  -0.134988
       500  -0.161022
       600   -0.18384
       700  -0.203644
       800  -0.220637
       900   -0.23502
      1000  -0.246997
      1100  -0.256769
      1200  -0.264537
      1300  -0.270505
      1400  -0.274875
      1500  -0.277848
      1600  -0.279627
      1700  -0.280414
      1800   -0.28041
      1900  -0.279819
      2000  -0.278842
      2100  -0.277682
      2200   -0.27654
      2300  -0.275619
      2400  -0.275121
      2500  -0.275247
      2600  -0.276201
      2700  -0.278184
      2800  -0.281399
      2900  -0.286047
      3000   -0.29233
