       300 -0.0757696
       400 -0.0914591
       500  -0.105292
       600   -0.11738
       700  -0.127832
       800  -0.136761
       900  -0.144277
      1000  -0.150491
      1100  -0.155513
      1200  -0.159454
      1300  -0.162426
      1400  -0.164539
      1500  -0.165905
      1600  -0.166632
      1700  -0.166834
      1800   -0.16662
      1900  -0.166102
      2000   -0.16539
      2100  -0.164594
      2200  -0.163827
      2300  -0.163198
      2400  -0.162819
      2500  -0.162801
      2600  -0.163254
      2700  -0.164288
      2800  -0.166016
      2900  -0.168548
      3000  -0.171994
