       300 -0.00164208
       400 -0.00404286
       500 -0.00618551
       600 -0.00808474
       700 -0.00975525
       800 -0.0112118
       900 -0.0124689
      1000 -0.0135415
      1100 -0.0144442
      1200 -0.0151917
      1300 -0.0157987
      1400 -0.0162798
      1500 -0.0166499
      1600 -0.0169236
      1700 -0.0171157
      1800 -0.0172407
      1900 -0.0173135
      2000 -0.0173487
      2100  -0.017361
      2200 -0.0173652
      2300 -0.0173759
      2400 -0.0174079
      2500 -0.0174758
      2600 -0.0175943
      2700 -0.0177782
      2800 -0.0180422
      2900 -0.0184009
      3000 -0.0188691
