       300  0.0335576
       400  0.0442853
       500  0.0537781
       600  0.0621088
       700  0.0693501
       800  0.0755749
       900  0.0808558
      1000  0.0852656
      1100  0.0888771
      1200   0.091763
      1300  0.0939961
      1400  0.0956491
      1500  0.0967948
      1600  0.0975059
      1700  0.0978553
      1800  0.0979155
      1900  0.0977595
      2000  0.0974599
      2100  0.0970895
      2200  0.0967211
      2300  0.0964274
      2400  0.0962812
      2500  0.0963552
      2600  0.0967221
      2700  0.0974548
      2800   0.098626
      2900   0.100308
      3000   0.102575
