       300  0.0559272
       400  0.0686958
       500  0.0799635
       600  0.0898197
       700  0.0983536
       800   0.105655
       900   0.111812
      1000   0.116915
      1100   0.121053
      1200   0.124315
      1300   0.126792
      1400   0.128571
      1500   0.129742
      1600   0.130395
      1700   0.130619
      1800   0.130503
      1900   0.130137
      2000    0.12961
      2100   0.129011
      2200   0.128429
      2300   0.127955
      2400   0.127676
      2500   0.127683
      2600   0.128065
      2700   0.128911
      2800    0.13031
      2900   0.132353
      3000   0.135127
