       300  0.0231094
       400  0.0327408
       500  0.0412798
       600  0.0487902
       700  0.0553361
       800  0.0609812
       900  0.0657896
      1000  0.0698251
      1100  0.0731517
      1200  0.0758333
      1300  0.0779339
      1400  0.0795173
      1500  0.0806475
      1600  0.0813885
      1700   0.081804
      1800  0.0819582
      1900  0.0819148
      2000  0.0817379
      2100  0.0814913
      2200  0.0812389
      2300  0.0810448
      2400  0.0809728
      2500  0.0810868
      2600  0.0814508
      2700  0.0821288
      2800  0.0831845
      2900   0.084682
      3000  0.0866852
