       300    0.12552
       400   0.152555
       500   0.176399
       600   0.197243
       700   0.215278
       800   0.230693
       900   0.243679
      1000   0.254425
      1100   0.263123
      1200   0.269962
      1300   0.275132
      1400   0.278825
      1500   0.281229
      1600   0.282536
      1700   0.282935
      1800   0.282616
      1900   0.281771
      2000   0.280589
      2100    0.27926
      2200   0.277974
      2300   0.276923
      2400   0.276295
      2500   0.276282
      2600   0.277073
      2700   0.278858
      2800   0.281829
      2900   0.286175
      3000   0.292086
