       300 0.00165318
       400  0.0159449
       500  0.0287504
       600  0.0401526
       700  0.0502345
       800  0.0590792
       900  0.0667697
      1000  0.0733891
      1100  0.0790202
      1200  0.0837462
      1300  0.0876501
      1400  0.0908149
      1500  0.0933235
      1600  0.0952591
      1700  0.0967047
      1800  0.0977432
      1900  0.0984577
      2000  0.0989312
      2100  0.0992467
      2200  0.0994872
      2300  0.0997359
      2400   0.100076
      2500   0.100589
      2600    0.10136
      2700   0.102471
      2800   0.104006
      2900   0.106046
      3000   0.108675
