       300 0.00312086
       400  0.0048234
       500 0.00633542
       600 0.00766802
       700 0.00883226
       800 0.00983922
       900     0.0107
      1000  0.0114256
      1100  0.0120272
      1200  0.0125158
      1300  0.0129025
      1400  0.0131984
      1500  0.0134146
      1600  0.0135621
      1700   0.013652
      1800  0.0136954
      1900  0.0137034
      2000   0.013687
      2100  0.0136573
      2200  0.0136254
      2300  0.0136025
      2400  0.0135994
      2500  0.0136274
      2600  0.0136975
      2700  0.0138207
      2800  0.0140083
      2900  0.0142711
      3000  0.0146204
