       300 -0.0194947
       400 -0.00537927
       500  0.0076292
       600  0.0195796
       700  0.0305209
       800  0.0405019
       900  0.0495718
      1000  0.0577792
      1100  0.0651733
      1200   0.071803
      1300  0.0777171
      1400  0.0829646
      1500  0.0875945
      1600  0.0916556
      1700   0.095197
      1800  0.0982675
      1900   0.100916
      2000   0.103192
      2100   0.105143
      2200    0.10682
      2300    0.10827
      2400   0.109543
      2500   0.110688
      2600   0.111753
      2700   0.112788
      2800   0.113842
      2900   0.114962
      3000     0.1162
