       300 -0.0342297
       400 -0.00961238
       500  0.0130825
       600  0.0339394
       700  0.0530431
       800   0.070478
       900  0.0863289
      1000    0.10068
      1100   0.113617
      1200   0.125223
      1300   0.135584
      1400   0.144783
      1500   0.152906
      1600   0.160037
      1700   0.166261
      1800   0.171663
      1900   0.176326
      2000   0.180336
      2100   0.183777
      2200   0.186733
      2300    0.18929
      2400   0.191532
      2500   0.193544
      2600    0.19541
      2700   0.197214
      2800   0.199042
      2900   0.200978
      3000   0.203107
