       300  0.0569398
       400  0.0913785
       500   0.121982
       600   0.148974
       700   0.172575
       800    0.19301
       900   0.210499
      1000   0.225265
      1100   0.237532
      1200    0.24752
      1300   0.255454
      1400   0.261555
      1500   0.266045
      1600   0.269147
      1700   0.271084
      1800   0.272078
      1900   0.272352
      2000   0.272127
      2100   0.271627
      2200   0.271073
      2300   0.270689
      2400   0.270697
      2500   0.271318
      2600   0.272776
      2700   0.275293
      2800   0.279092
      2900   0.284394
      3000   0.291423
