       300 0.00125876
       400 0.00208655
       500 0.00282252
       600 0.00347198
       700 0.00404025
       800 0.00453265
       900 0.00495449
      1000  0.0053111
      1100 0.00560778
      1200 0.00584985
      1300 0.00604263
      1400 0.00619143
      1500 0.00630158
      1600 0.00637839
      1700 0.00642717
      1800 0.00645324
      1900 0.00646192
      2000 0.00645852
      2100 0.00644836
      2200 0.00643676
      2300 0.00642903
      2400  0.0064305
      2500 0.00644646
      2600 0.00648225
      2700 0.00654318
      2800 0.00663456
      2900 0.00676171
      3000 0.00692995
