       300 0.00249448
       400 0.00413491
       500 0.00559337
       600  0.0068804
       700 0.00800654
       800 0.00898233
       900 0.00981829
      1000   0.010525
      1100  0.0111129
      1200  0.0115926
      1300  0.0119746
      1400  0.0122695
      1500  0.0124878
      1600    0.01264
      1700  0.0127367
      1800  0.0127883
      1900  0.0128055
      2000  0.0127988
      2100  0.0127787
      2200  0.0127557
      2300  0.0127404
      2400  0.0127433
      2500  0.0127749
      2600  0.0128458
      2700  0.0129666
      2800  0.0131477
      2900  0.0133996
      3000   0.013733
