       300  0.0313114
       400  0.0566749
       500  0.0792505
       600  0.0991989
       700   0.116681
       800   0.131857
       900   0.144888
      1000   0.155934
      1100   0.165157
      1200   0.172716
      1300   0.178773
      1400   0.183489
      1500   0.187023
      1600   0.189537
      1700   0.191191
      1800   0.192146
      1900   0.192563
      2000   0.192602
      2100   0.192424
      2200    0.19219
      2300    0.19206
      2400   0.192196
      2500   0.192757
      2600   0.193904
      2700   0.195799
      2800   0.198602
      2900   0.202473
      3000   0.207573
