       300 0.00127301
       400 0.00650181
       500   0.011182
       600  0.0153444
       700  0.0190199
       800  0.0222391
       900   0.025033
      1000  0.0274324
      1100   0.029468
      1200  0.0311707
      1300  0.0325712
      1400  0.0337005
      1500  0.0345892
      1600  0.0352683
      1700  0.0357684
      1800  0.0361205
      1900  0.0363553
      2000  0.0365036
      2100  0.0365963
      2200  0.0366641
      2300  0.0367379
      2400  0.0368485
      2500  0.0370266
      2600  0.0373032
      2700  0.0377089
      2800  0.0382747
      2900  0.0390312
      3000  0.0400094
