       300   0.111834
       400   0.174693
       500   0.230529
       600   0.279749
       700   0.322762
       800   0.359975
       900   0.391797
      1000   0.418635
      1100   0.440899
      1200   0.458995
      1300   0.473333
      1400    0.48432
      1500   0.492364
      1600   0.497873
      1700   0.501256
      1800   0.502921
      1900   0.503276
      2000   0.502728
      2100   0.501686
      2200   0.500558
      2300   0.499753
      2400   0.499677
      2500    0.50074
      2600    0.50335
      2700   0.507914
      2800   0.514841
      2900   0.524538
      3000   0.537414
