       300  0.0137035
       400 0.00197899
       500 -0.00874906
       600 -0.0185283
       700 -0.0274064
       800 -0.0354311
       900   -0.04265
      1000 -0.0491109
      1100 -0.0548613
      1200  -0.059949
      1300 -0.0644216
      1400 -0.0683268
      1500 -0.0717123
      1600 -0.0746258
      1700  -0.077115
      1800 -0.0792275
      1900  -0.081011
      2000 -0.0825131
      2100 -0.0837817
      2200 -0.0848642
      2300 -0.0858085
      2400 -0.0866622
      2500 -0.0874729
      2600 -0.0882884
      2700 -0.0891563
      2800 -0.0901243
      2900   -0.09124
      3000 -0.0925513
