       300 -0.00677882
       400 -0.00984292
       500 -0.0125609
       600 -0.0149531
       700 -0.0170396
       800 -0.0188406
       900 -0.0203764
      1000 -0.0216671
      1100 -0.0227331
      1200 -0.0235944
      1300 -0.0242713
      1400 -0.0247841
      1500 -0.0251529
      1600 -0.0253979
      1700 -0.0255394
      1800 -0.0255975
      1900 -0.0255925
      2000 -0.0255446
      2100  -0.025474
      2200 -0.0254009
      2300 -0.0253455
      2400 -0.0253281
      2500 -0.0253688
      2600 -0.0254878
      2700 -0.0257054
      2800 -0.0260418
      2900 -0.0265172
      3000 -0.0271518
