       300  0.0609731
       400  0.0788189
       500  0.0945997
       600   0.108437
       700   0.120454
       800   0.130772
       900   0.139512
      1000   0.146797
      1100   0.152749
      1200    0.15749
      1300   0.161142
      1400   0.163826
      1500   0.165665
      1600    0.16678
      1700   0.167294
      1800   0.167328
      1900   0.167005
      2000   0.166447
      2100   0.165774
      2200    0.16511
      2300   0.164577
      2400   0.164296
      2500   0.164389
      2600   0.164978
      2700   0.166185
      2800   0.168133
      2900   0.170942
      3000   0.174736
