       300    0.31408
       400    0.34715
       500   0.376097
       600   0.401174
       700   0.422635
       800   0.440733
       900   0.455721
      1000   0.467854
      1100   0.477383
      1200   0.484564
      1300   0.489648
      1400    0.49289
      1500   0.494542
      1600   0.494858
      1700   0.494092
      1800   0.492497
      1900   0.490325
      2000   0.487832
      2100   0.485269
      2200    0.48289
      2300   0.480949
      2400   0.479699
      2500   0.479393
      2600   0.480285
      2700   0.482628
      2800   0.486676
      2900   0.492681
      3000   0.500898
