       300  0.0128194
       400 0.00185131
       500 -0.00818459
       600 -0.0173329
       700 -0.0256382
       800 -0.0331452
       900 -0.0398983
      1000 -0.0459423
      1100 -0.0513217
      1200 -0.0560812
      1300 -0.0602652
      1400 -0.0639185
      1500 -0.0670856
      1600 -0.0698111
      1700 -0.0721397
      1800 -0.0741159
      1900 -0.0757843
      2000 -0.0771896
      2100 -0.0783762
      2200  -0.079389
      2300 -0.0802723
      2400 -0.0810709
      2500 -0.0818293
      2600 -0.0825922
      2700 -0.0834041
      2800 -0.0843096
      2900 -0.0853534
      3000   -0.08658
