       300 -2.69856e-05
       400 -0.0123068
       500 -0.0233206
       600 -0.0331388
       700 -0.0418316
       800 -0.0494695
       900 -0.0561226
      1000 -0.0618615
      1100 -0.0667563
      1200 -0.0708774
      1300 -0.0742952
      1400   -0.07708
      1500 -0.0793021
      1600 -0.0810318
      1700 -0.0823394
      1800 -0.0832954
      1900   -0.08397
      2000 -0.0844335
      2100 -0.0847563
      2200 -0.0850087
      2300  -0.085261
      2400 -0.0855836
      2500 -0.0860468
      2600 -0.0867209
      2700 -0.0876762
      2800 -0.0889831
      2900 -0.0907119
      3000  -0.092933
