       300  -0.023027
       400 -0.00565785
       500  0.0103166
       600  0.0249596
       700  0.0383343
       800  0.0505039
       900  0.0615315
      1000  0.0714803
      1100  0.0804136
      1200  0.0883944
      1300  0.0954859
      1400   0.101751
      1500   0.107254
      1600   0.112057
      1700   0.116223
      1800   0.119816
      1900   0.122899
      2000   0.125535
      2100   0.127787
      2200   0.129718
      2300   0.131392
      2400   0.132871
      2500   0.134219
      2600     0.1355
      2700   0.136775
      2800   0.138109
      2900   0.139564
      3000   0.141205
