       300  -0.022626
       400 -0.00847292
       500 0.00469313
       600  0.0169101
       700  0.0282158
       800  0.0386482
       900  0.0482452
      1000  0.0570447
      1100  0.0650846
      1200  0.0724028
      1300  0.0790373
      1400  0.0850259
      1500  0.0904066
      1600  0.0952172
      1700  0.0994957
      1800    0.10328
      1900   0.106608
      2000   0.109518
      2100   0.112047
      2200   0.114233
      2300   0.116115
      2400    0.11773
      2500   0.119116
      2600   0.120311
      2700   0.121354
      2800   0.122281
      2900    0.12313
      3000   0.123941
