       300   0.095147
       400    0.11921
       500   0.140462
       600   0.159072
       700   0.175206
       800    0.18903
       900    0.20071
      1000   0.210415
      1100   0.218309
      1200   0.224561
      1300   0.229336
      1400   0.232802
      1500   0.235124
      1600    0.23647
      1700   0.237007
      1800     0.2369
      1900   0.236317
      2000   0.235425
      2100   0.234389
      2200   0.233377
      2300   0.232555
      2400    0.23209
      2500   0.232149
      2600   0.232897
      2700   0.234503
      2800   0.237133
      2900   0.240953
      3000   0.246129
