       300 9.31029e-06
       400 -4.42036e-05
       500 -9.22851e-05
       600 -0.000135233
       700 -0.000173346
       800 -0.000206923
       900 -0.000236263
      1000 -0.000261665
      1100 -0.000283426
      1200 -0.000301847
      1300 -0.000317226
      1400 -0.000329861
      1500 -0.000340052
      1600 -0.000348096
      1700 -0.000354294
      1800 -0.000358944
      1900 -0.000362344
      2000 -0.000364793
      2100 -0.000366591
      2200 -0.000368035
      2300 -0.000369425
      2400 -0.000371059
      2500 -0.000373237
      2600 -0.000376256
      2700 -0.000380416
      2800 -0.000386016
      2900 -0.000393354
      3000 -0.000402729
