       300  0.0956514
       400   0.118021
       500   0.137765
       600    0.15504
       700   0.170002
       800   0.182807
       900   0.193611
      1000    0.20257
      1100   0.209841
      1200    0.21558
      1300   0.219942
      1400   0.223084
      1500   0.225161
      1600   0.226331
      1700   0.226749
      1800    0.22657
      1900   0.225952
      2000   0.225051
      2100   0.224022
      2200   0.223022
      2300   0.222206
      2400   0.221731
      2500   0.221753
      2600   0.222428
      2700   0.223913
      2800   0.226362
      2900   0.229933
      3000   0.234781
