       300 -0.00456263
       400 -0.0155533
       500 -0.0253786
       600 -0.0341045
       700 -0.0417969
       800 -0.0485215
       900 -0.0543442
      1000 -0.0593309
      1100 -0.0635474
      1200 -0.0670596
      1300 -0.0699333
      1400 -0.0722343
      1500 -0.0740286
      1600  -0.075382
      1700 -0.0763603
      1800 -0.0770294
      1900 -0.0774552
      2000 -0.0777034
      2100   -0.07784
      2200 -0.0779307
      2300 -0.0780415
      2400 -0.0782382
      2500 -0.0785866
      2600 -0.0791526
      2700 -0.0800021
      2800 -0.0812008
      2900 -0.0828147
      3000 -0.0849096
