       300 -0.0112007
       400 -0.0251472
       500 -0.0375861
       600 -0.0486034
       700 -0.0582854
       800 -0.0667182
       900 -0.0739879
      1000 -0.0801806
      1100 -0.0853825
      1200 -0.0896797
      1300 -0.0931583
      1400 -0.0959046
      1500 -0.0980045
      1600 -0.0995443
      1700   -0.10061
      1800  -0.101288
      1900  -0.101664
      2000  -0.101825
      2100  -0.101856
      2200  -0.101844
      2300  -0.101874
      2400  -0.102034
      2500  -0.102408
      2600  -0.103084
      2700  -0.104147
      2800  -0.105684
      2900   -0.10778
      3000  -0.110522
