       300 0.00162394
       400 0.00829416
       500  0.0142645
       600  0.0195744
       700  0.0242631
       800  0.0283698
       900  0.0319339
      1000  0.0349947
      1100  0.0375914
      1200  0.0397635
      1300  0.0415502
      1400  0.0429907
      1500  0.0441244
      1600  0.0449907
      1700  0.0456287
      1800  0.0460778
      1900  0.0463773
      2000  0.0465666
      2100  0.0466848
      2200  0.0467713
      2300  0.0468655
      2400  0.0470065
      2500  0.0472338
      2600  0.0475865
      2700  0.0481041
      2800  0.0488258
      2900   0.049791
      3000  0.0510388
