       300  -0.114499
       400  -0.141379
       500  -0.165105
       600  -0.185864
       700  -0.203845
       800  -0.219235
       900  -0.232221
      1000  -0.242991
      1100  -0.251732
      1200  -0.258631
      1300  -0.263878
      1400  -0.267658
      1500  -0.270159
      1600  -0.271569
      1700  -0.272076
      1800  -0.271867
      1900  -0.271129
      2000   -0.27005
      2100  -0.268817
      2200  -0.267619
      2300  -0.266642
      2400  -0.266073
      2500  -0.266102
      2600  -0.266914
      2700  -0.268698
      2800  -0.271641
      2900  -0.275931
      3000  -0.281755
