       300  0.0287799
       400  0.0310001
       500  0.0329361
       600  0.0346058
       700  0.0360268
       800  0.0372168
       900  0.0381936
      1000  0.0389749
      1100  0.0395786
      1200  0.0400222
      1300  0.0403236
      1400  0.0405005
      1500  0.0405706
      1600  0.0405517
      1700  0.0404615
      1800  0.0403178
      1900  0.0401382
      2000  0.0399406
      2100  0.0397426
      2200  0.0395621
      2300  0.0394167
      2400  0.0393241
      2500  0.0393022
      2600  0.0393687
      2700  0.0395412
      2800  0.0398376
      2900  0.0402756
      3000  0.0408729
