       300  -0.130278
       400   -0.14367
       500  -0.155389
       600  -0.165538
       700   -0.17422
       800  -0.181538
       900  -0.187594
      1000  -0.192492
      1100  -0.196335
      1200  -0.199225
      1300  -0.201265
      1400  -0.202559
      1500  -0.203209
      1600  -0.203319
      1700   -0.20299
      1800  -0.202327
      1900  -0.201432
      2000  -0.200408
      2100  -0.199357
      2200  -0.198384
      2300   -0.19759
      2400  -0.197079
      2500  -0.196954
      2600  -0.197317
      2700  -0.198272
      2800  -0.199921
      2900  -0.202367
      3000  -0.205714
