       300 -0.0053948
       400 -0.0118546
       500 -0.0176151
       600 -0.0227164
       700 -0.0271983
       800 -0.0311008
       900  -0.034464
      1000 -0.0373279
      1100 -0.0397323
      1200 -0.0417174
      1300  -0.043323
      1400 -0.0445891
      1500 -0.0455558
      1600 -0.0462631
      1700 -0.0467508
      1800  -0.047059
      1900 -0.0472277
      2000 -0.0472968
      2100 -0.0473063
      2200 -0.0472963
      2300 -0.0473067
      2400 -0.0473774
      2500 -0.0475485
      2600   -0.04786
      2700 -0.0483517
      2800 -0.0490638
      2900 -0.0500362
      3000 -0.0513088
