       300  -0.109252
       400  -0.117169
       500  -0.124067
       600  -0.130011
       700  -0.135063
       800  -0.139289
       900  -0.142751
      1000  -0.145513
      1100   -0.14764
      1200  -0.149194
      1300   -0.15024
      1400  -0.150842
      1500  -0.151063
      1600  -0.150968
      1700  -0.150619
      1800  -0.150081
      1900  -0.149417
      2000  -0.148691
      2100  -0.147968
      2200   -0.14731
      2300  -0.146782
      2400  -0.146448
      2500   -0.14637
      2600  -0.146614
      2700  -0.147242
      2800  -0.148319
      2900  -0.149909
      3000  -0.152074
