       300  -0.110045
       400  -0.137467
       500  -0.161683
       600  -0.182885
       700  -0.201262
       800  -0.217005
       900  -0.230303
      1000  -0.241348
      1100  -0.250329
      1200  -0.257437
      1300  -0.262861
      1400  -0.266792
      1500   -0.26942
      1600  -0.270935
      1700  -0.271528
      1800  -0.271388
      1900  -0.270707
      2000  -0.269673
      2100  -0.268477
      2200   -0.26731
      2300  -0.266361
      2400  -0.265822
      2500  -0.265881
      2600  -0.266729
      2700  -0.268557
      2800  -0.271555
      2900  -0.275912
      3000  -0.281819
