       300  -0.135123
       400  -0.149013
       500  -0.161168
       600  -0.171695
       700  -0.180699
       800  -0.188289
       900  -0.194571
      1000  -0.199651
      1100  -0.203637
      1200  -0.206634
      1300  -0.208751
      1400  -0.210093
      1500  -0.210767
      1600  -0.210881
      1700   -0.21054
      1800  -0.209852
      1900  -0.208924
      2000  -0.207861
      2100  -0.206772
      2200  -0.205762
      2300  -0.204939
      2400  -0.204409
      2500  -0.204279
      2600  -0.204655
      2700  -0.205646
      2800  -0.207356
      2900  -0.209894
      3000  -0.213365
