       300 -0.0540081
       400 -0.0866737
       500  -0.115702
       600  -0.141304
       700   -0.16369
       800  -0.183072
       900  -0.199661
      1000  -0.213667
      1100  -0.225302
      1200  -0.234776
      1300  -0.242301
      1400  -0.248088
      1500  -0.252347
      1600   -0.25529
      1700  -0.257127
      1800   -0.25807
      1900  -0.258329
      2000  -0.258116
      2100  -0.257642
      2200  -0.257117
      2300  -0.256752
      2400  -0.256759
      2500  -0.257349
      2600  -0.258732
      2700  -0.261119
      2800  -0.264722
      2900  -0.269751
      3000  -0.276418
