       300  -0.132252
       400  -0.158288
       500  -0.181234
       600  -0.201272
       700  -0.218589
       800  -0.233369
       900  -0.245797
      1000  -0.256059
      1100  -0.264338
      1200   -0.27082
      1300  -0.275689
      1400  -0.279132
      1500  -0.281331
      1600  -0.282474
      1700  -0.282744
      1800  -0.282326
      1900  -0.281406
      2000  -0.280168
      2100  -0.278797
      2200  -0.277478
      2300  -0.276396
      2400  -0.275736
      2500  -0.275683
      2600  -0.276422
      2700  -0.278137
      2800  -0.281014
      2900  -0.285237
      3000  -0.290992
