       300  -0.012445
       400 -0.0134051
       500 -0.0142423
       600 -0.0149642
       700 -0.0155787
       800 -0.0160933
       900 -0.0165157
      1000 -0.0168536
      1100 -0.0171146
      1200 -0.0173064
      1300 -0.0174367
      1400 -0.0175132
      1500 -0.0175436
      1600 -0.0175354
      1700 -0.0174964
      1800 -0.0174342
      1900 -0.0173566
      2000 -0.0172711
      2100 -0.0171855
      2200 -0.0171074
      2300 -0.0170446
      2400 -0.0170046
      2500 -0.0169951
      2600 -0.0170238
      2700 -0.0170984
      2800 -0.0172266
      2900  -0.017416
      3000 -0.0176743
