       300  0.0146668
       400    0.01568
       500  0.0165623
       600   0.017322
       700  0.0179673
       800  0.0185063
       900  0.0189473
      1000  0.0192986
      1100  0.0195682
      1200  0.0197645
      1300  0.0198957
      1400  0.0199699
      1500  0.0199954
      1600  0.0199804
      1700  0.0199331
      1800  0.0198617
      1900  0.0197745
      2000  0.0196797
      2100  0.0195854
      2200     0.0195
      2300  0.0194315
      2400  0.0193883
      2500  0.0193785
      2600  0.0194104
      2700  0.0194921
      2800   0.019632
      2900  0.0198381
      3000  0.0201188
