       300 -0.0334474
       400 -0.0584995
       500 -0.0807887
       600  -0.100475
       700  -0.117716
       800  -0.132674
       900  -0.145507
      1000  -0.156374
      1100  -0.165436
      1200  -0.172851
      1300  -0.178779
      1400   -0.18338
      1500  -0.186814
      1600  -0.189239
      1700  -0.190815
      1800  -0.191702
      1900  -0.192059
      2000  -0.192046
      2100  -0.191823
      2200  -0.191548
      2300  -0.191381
      2400  -0.191483
      2500  -0.192011
      2600  -0.193127
      2700  -0.194989
      2800  -0.197756
      2900  -0.201589
      3000  -0.206647
