       300   0.127622
       400    0.15511
       500   0.179353
       600   0.200547
       700   0.218883
       800   0.234557
       900    0.24776
      1000   0.258686
      1100    0.26753
      1200   0.274483
      1300    0.27974
      1400   0.283494
      1500   0.285939
      1600   0.287267
      1700   0.287673
      1800   0.287349
      1900    0.28649
      2000   0.285288
      2100   0.283936
      2200    0.28263
      2300    0.28156
      2400   0.280922
      2500   0.280909
      2600   0.281713
      2700   0.283529
      2800   0.286549
      2900   0.290968
      3000   0.296978
