       300   0.105398
       400   0.131425
       500   0.154409
       600   0.174529
       700   0.191967
       800   0.206903
       900   0.219518
      1000   0.229993
      1100   0.238509
      1200   0.245245
      1300   0.250383
      1400   0.254103
      1500   0.256587
      1600   0.258014
      1700   0.258566
      1800   0.258423
      1900   0.257766
      2000   0.256775
      2100   0.255631
      2200   0.254515
      2300   0.253608
      2400    0.25309
      2500   0.253142
      2600   0.253945
      2700   0.255678
      2800   0.258524
      2900   0.262662
      3000   0.268274
