       300 -0.00107076
       400 -0.00263625
       500 -0.00403342
       600 -0.00527187
       700 -0.00636117
       800 -0.00731092
       900 -0.0081307
      1000 -0.0088301
      1100 -0.00941872
      1200 -0.00990613
      1300 -0.0103019
      1400 -0.0106157
      1500  -0.010857
      1600 -0.0110355
      1700 -0.0111607
      1800 -0.0112423
      1900 -0.0112897
      2000 -0.0113127
      2100 -0.0113207
      2200 -0.0113234
      2300 -0.0113304
      2400 -0.0113513
      2500 -0.0113955
      2600 -0.0114728
      2700 -0.0115927
      2800 -0.0117649
      2900 -0.0119988
      3000 -0.0123041
