       300 3.27115e-07
       400 -3.61918e-05
       500 -6.89493e-05
       600 -9.8154e-05
       700 -0.000124015
       800 -0.000146741
       900 -0.000166541
      1000 -0.000183623
      1100 -0.000198197
      1200 -0.000210472
      1300 -0.000220656
      1400 -0.000228957
      1500 -0.000235586
      1600 -0.00024075
      1700 -0.000244659
      1800 -0.000247522
      1900 -0.000249547
      2000 -0.000250942
      2100 -0.000251918
      2200 -0.000252683
      2300 -0.000253445
      2400 -0.000254414
      2500 -0.000255798
      2600 -0.000257806
      2700 -0.000260647
      2800 -0.00026453
      2900 -0.000269664
      3000 -0.000276257
