       300 0.00369379
       400  0.0061229
       500 0.00828256
       600  0.0101884
       700   0.011856
       800  0.0133009
       900  0.0145388
      1000  0.0155852
      1100  0.0164558
      1200  0.0171661
      1300  0.0177318
      1400  0.0181685
      1500  0.0184917
      1600  0.0187171
      1700  0.0188603
      1800  0.0189368
      1900  0.0189622
      2000  0.0189523
      2100  0.0189225
      2200  0.0188884
      2300  0.0188657
      2400    0.01887
      2500  0.0189169
      2600  0.0190219
      2700  0.0192007
      2800  0.0194688
      2900   0.019842
      3000  0.0203356
