       300 -0.0145636
       400 -0.00210319
       500 0.00929817
       600  0.0196912
       700  0.0291265
       800  0.0376549
       900  0.0453268
      1000  0.0521932
      1100  0.0583045
      1200  0.0637115
      1300  0.0684648
      1400  0.0726152
      1500  0.0762132
      1600  0.0793095
      1700  0.0819549
      1800     0.0842
      1900  0.0860954
      2000  0.0876919
      2100    0.08904
      2200  0.0901905
      2300   0.091194
      2400  0.0921013
      2500  0.0929629
      2600  0.0938296
      2700  0.0947519
      2800  0.0957807
      2900  0.0969665
      3000    0.09836
