       300  0.0507295
       400  0.0616557
       500  0.0712925
       600  0.0797168
       700  0.0870055
       800  0.0932356
       900  0.0984838
      1000   0.102827
      1100   0.106342
      1200   0.109106
      1300   0.111196
      1400   0.112688
      1500    0.11366
      1600   0.114188
      1700   0.114349
      1800   0.114221
      1900   0.113879
      2000   0.113401
      2100   0.112864
      2200   0.112344
      2300   0.111919
      2400   0.111666
      2500    0.11166
      2600    0.11198
      2700   0.112702
      2800   0.113902
      2900   0.115659
      3000   0.118048
