       300  0.0106347
       400  0.0293032
       500  0.0459758
       600  0.0607657
       700  0.0737864
       800  0.0851512
       900  0.0949734
      1000   0.103366
      1100   0.110443
      1200   0.116318
      1300   0.121103
      1400   0.124912
      1500   0.127859
      1600   0.130056
      1700   0.131618
      1800   0.132657
      1900   0.133286
      2000    0.13362
      2100   0.133771
      2200   0.133854
      2300    0.13398
      2400   0.134263
      2500   0.134818
      2600   0.135756
      2700   0.137192
      2800   0.139239
      2900    0.14201
      3000   0.145618
