       300  0.0227238
       400  0.0285877
       500  0.0337677
       600  0.0383045
       700  0.0422385
       800  0.0456103
       900  0.0484605
      1000  0.0508294
      1100  0.0527578
      1200  0.0542862
      1300   0.055455
      1400  0.0563048
      1500  0.0568762
      1600  0.0572097
      1700  0.0573458
      1800  0.0573251
      1900   0.057188
      2000  0.0569753
      2100  0.0567273
      2200  0.0564846
      2300  0.0562878
      2400  0.0561774
      2500  0.0561939
      2600  0.0563779
      2700  0.0567699
      2800  0.0574105
      2900  0.0583401
      3000  0.0595994
