       300 -0.0011283
       400 -4.51977e-05
       500 0.00094236
       600  0.0018391
       700 0.00264975
       800 0.00337903
       900 0.00403166
      1000 0.00461238
      1100  0.0051259
      1200 0.00557694
      1300 0.00597024
      1400 0.00631051
      1500 0.00660249
      1600 0.00685088
      1700 0.00706043
      1800 0.00723585
      1900 0.00738186
      2000  0.0075032
      2100 0.00760458
      2200 0.00769073
      2300 0.00776637
      2400 0.00783623
      2500 0.00790503
      2600  0.0079775
      2700 0.00805835
      2800 0.00815232
      2900 0.00826412
      3000 0.00839849
