       300 -0.00271114
       400 -0.000670191
       500 0.00120706
       600 0.00292802
       700 0.00450008
       800 0.00593067
       900 0.00722719
      1000 0.00839704
      1100 0.00944763
      1200  0.0103864
      1300  0.0112207
      1400  0.0119579
      1500  0.0126056
      1600   0.013171
      1700  0.0136616
      1800  0.0140848
      1900   0.014448
      2000  0.0147586
      2100   0.015024
      2200  0.0152516
      2300  0.0154489
      2400  0.0156232
      2500  0.0157819
      2600  0.0159325
      2700  0.0160824
      2800  0.0162389
      2900  0.0164095
      3000  0.0166016
