       300 0.00918554
       400 -0.00133795
       500 -0.0108951
       600 -0.0195353
       700  -0.027308
       800 -0.0342625
       900 -0.0404482
      1000 -0.0459146
      1100  -0.050711
      1200 -0.0548869
      1300 -0.0584916
      1400 -0.0615745
      1500  -0.064185
      1600 -0.0663725
      1700 -0.0681865
      1800 -0.0696762
      1900 -0.0708912
      2000 -0.0718807
      2100 -0.0726943
      2200 -0.0733812
      2300 -0.0739909
      2400 -0.0745728
      2500 -0.0751763
      2600 -0.0758507
      2700 -0.0766455
      2800 -0.0776101
      2900 -0.0787938
      3000 -0.0802461
