       300 -0.00158524
       400 0.00328727
       500 0.00767281
       600  0.0115979
       700   0.015089
       800  0.0181727
       900  0.0208754
      1000  0.0232236
      1100   0.025244
      1200  0.0269628
      1300  0.0284068
      1400  0.0296023
      1500  0.0305759
      1600   0.031354
      1700  0.0319633
      1800  0.0324301
      1900   0.032781
      2000  0.0330426
      2100  0.0332412
      2200  0.0334034
      2300  0.0335557
      2400  0.0337246
      2500  0.0339367
      2600  0.0342183
      2700  0.0345961
      2800  0.0350965
      2900   0.035746
      3000  0.0365712
