       300  0.0455539
       400  0.0708252
       500   0.093271
       600   0.113056
       700   0.130343
       800   0.145298
       900   0.158084
      1000   0.168865
      1100   0.177807
      1200   0.185072
      1300   0.190826
      1400   0.195232
      1500   0.198455
      1600   0.200658
      1700   0.202007
      1800   0.202666
      1900   0.202798
      2000   0.202567
      2100   0.202139
      2200   0.201677
      2300   0.201346
      2400   0.201309
      2500   0.201731
      2600   0.202776
      2700   0.204609
      2800   0.207393
      2900   0.211293
      3000   0.216473
