       300   0.002397
       400 -0.00843122
       500 -0.0181653
       600 -0.0268653
       700 -0.0345911
       800 -0.0414027
       900 -0.0473602
      1000 -0.0525235
      1100 -0.0569527
      1200 -0.0607077
      1300 -0.0638484
      1400  -0.066435
      1500 -0.0685274
      1600 -0.0701855
      1700 -0.0714694
      1800 -0.0724391
      1900 -0.0731546
      2000 -0.0736758
      2100 -0.0740627
      2200 -0.0743754
      2300 -0.0746739
      2400  -0.075018
      2500 -0.0754679
      2600 -0.0760834
      2700 -0.0769247
      2800 -0.0780516
      2900 -0.0795243
      3000 -0.0814026
