       300  0.0362049
       400  0.0633224
       500  0.0874491
       600   0.108758
       700   0.127421
       800   0.143612
       900   0.157503
      1000   0.169266
      1100   0.179075
      1200   0.187101
      1300   0.193518
      1400   0.198499
      1500   0.202215
      1600    0.20484
      1700   0.206546
      1800   0.207506
      1900   0.207893
      2000   0.207879
      2100   0.207637
      2200    0.20734
      2300   0.207159
      2400   0.207269
      2500   0.207841
      2600   0.209049
      2700   0.211064
      2800    0.21406
      2900   0.218209
      3000   0.223684
