       300 0.000102089
       400  0.0001458
       500 0.00018456
       600 0.000218658
       700 0.000248385
       800 0.000274029
       900 0.00029588
      1000 0.000314228
      1100 0.000329362
      1200 0.000341571
      1300 0.000351146
      1400 0.000358375
      1500 0.000363549
      1600 0.000366956
      1700 0.000368886
      1800 0.000369629
      1900 0.000369475
      2000 0.000368712
      2100 0.00036763
      2200 0.000366519
      2300 0.000365669
      2400 0.000365368
      2500 0.000365907
      2600 0.000367575
      2700 0.00037066
      2800 0.000375454
      2900 0.000382245
      3000 0.000391324
