       300 -0.0054816
       400 -0.00736657
       500 -0.00903548
       600  -0.010501
       700 -0.0117759
       800 -0.0128728
       900 -0.0138045
      1000 -0.0145836
      1100 -0.0152229
      1200 -0.0157351
      1300 -0.0161328
      1400 -0.0164288
      1500 -0.0166358
      1600 -0.0167665
      1700 -0.0168336
      1800 -0.0168497
      1900 -0.0168277
      2000 -0.0167802
      2100 -0.0167199
      2200 -0.0166595
      2300 -0.0166118
      2400 -0.0165893
      2500  -0.016605
      2600 -0.0166713
      2700 -0.0168011
      2800 -0.0170071
      2900 -0.0173019
      3000 -0.0176982
