       300  0.0100092
       400  0.0130442
       500  0.0157287
       600  0.0180835
       700  0.0201292
       800  0.0218865
       900   0.023376
      1000  0.0246185
      1100  0.0256345
      1200  0.0264449
      1300  0.0270703
      1400  0.0275313
      1500  0.0278486
      1600   0.028043
      1700   0.028135
      1800  0.0281454
      1900  0.0280948
      2000   0.028004
      2100  0.0278935
      2200  0.0277841
      2300  0.0276964
      2400  0.0276512
      2500  0.0276691
      2600  0.0277707
      2700  0.0279768
      2800   0.028308
      2900  0.0287851
      3000  0.0294286
