       300 -0.00561016
       400 -0.0186818
       500 -0.0303664
       600 -0.0407423
       700 -0.0498881
       800 -0.0578821
       900 -0.0648028
      1000 -0.0707285
      1100 -0.0757377
      1200 -0.0799088
      1300 -0.0833202
      1400 -0.0860503
      1500 -0.0881776
      1600 -0.0897805
      1700 -0.0909374
      1800 -0.0917267
      1900 -0.0922269
      2000 -0.0925162
      2100 -0.0926733
      2200 -0.0927765
      2300 -0.0929041
      2400 -0.0931347
      2500 -0.0935467
      2600 -0.0942184
      2700 -0.0952283
      2800 -0.0966548
      2900 -0.0985764
      3000  -0.101071
