       300 -0.0560219
       400 -0.0673812
       500 -0.0773945
       600 -0.0861422
       700 -0.0937047
       800  -0.100162
       900  -0.105596
      1000  -0.110086
      1100  -0.113712
      1200  -0.116555
      1300  -0.118695
      1400  -0.120213
      1500   -0.12119
      1600  -0.121705
      1700  -0.121839
      1800  -0.121673
      1900  -0.121287
      2000  -0.120761
      2100  -0.120176
      2200  -0.119612
      2300   -0.11915
      2400   -0.11887
      2500  -0.118853
      2600  -0.119178
      2700  -0.119927
      2800   -0.12118
      2900  -0.123016
      3000  -0.125518
