       300 -0.0973633
       400  -0.104295
       500  -0.110333
       600  -0.115535
       700  -0.119955
       800   -0.12365
       900  -0.126676
      1000  -0.129089
      1100  -0.130944
      1200  -0.132299
      1300  -0.133208
      1400  -0.133728
      1500  -0.133914
      1600  -0.133823
      1700  -0.133511
      1800  -0.133034
      1900  -0.132447
      2000  -0.131806
      2100  -0.131169
      2200   -0.13059
      2300  -0.130125
      2400  -0.129831
      2500  -0.129764
      2600  -0.129979
      2700  -0.130532
      2800   -0.13148
      2900  -0.132879
      3000  -0.134783
