       300  -0.119899
       400  -0.128036
       500  -0.135121
       600  -0.141219
       700  -0.146397
       800  -0.150721
       900  -0.154257
      1000  -0.157071
      1100  -0.159229
      1200  -0.160798
      1300  -0.161843
      1400  -0.162431
      1500  -0.162627
      1600  -0.162499
      1700  -0.162111
      1800  -0.161531
      1900  -0.160824
      2000  -0.160056
      2100  -0.159294
      2200  -0.158604
      2300  -0.158052
      2400  -0.157703
      2500  -0.157625
      2600  -0.157883
      2700  -0.158544
      2800  -0.159673
      2900  -0.161337
      3000  -0.163601
