       300   -0.14004
       400  -0.158005
       500  -0.173767
       600  -0.187458
       700  -0.199215
       800  -0.209171
       900  -0.217459
      1000  -0.224215
      1100  -0.229572
      1200  -0.233664
      1300  -0.236627
      1400  -0.238592
      1500  -0.239696
      1600  -0.240072
      1700  -0.239853
      1800  -0.239176
      1900  -0.238172
      2000  -0.236977
      2100  -0.235725
      2200   -0.23455
      2300  -0.233585
      2400  -0.232966
      2500  -0.232826
      2600  -0.233299
      2700   -0.23452
      2800  -0.236623
      2900  -0.239742
      3000   -0.24401
