       300 0.000548404
       400 0.000589969
       500 0.000626207
       600 0.00065745
       700 0.000684032
       800 0.000706284
       900 0.00072454
      1000 0.000739132
      1100 0.000750395
      1200 0.00075866
      1300 0.00076426
      1400 0.000767529
      1500 0.000768798
      1600 0.000768402
      1700 0.000766673
      1800 0.000763944
      1900 0.000760547
      2000 0.000756817
      2100 0.000753084
      2200 0.000749683
      2300 0.000746947
      2400 0.000745207
      2500 0.000744798
      2600 0.000746052
      2700 0.000749301
      2800 0.000754879
      2900 0.000763119
      3000 0.000774354
