       300  -0.130612
       400    -0.1438
       500  -0.155338
       600  -0.165327
       700   -0.17387
       800  -0.181068
       900  -0.187022
      1000  -0.191834
      1100  -0.195606
      1200  -0.198439
      1300  -0.200434
      1400  -0.201695
      1500  -0.202321
      1600  -0.202415
      1700  -0.202078
      1800  -0.201413
      1900  -0.200519
      2000    -0.1995
      2100  -0.198457
      2200   -0.19749
      2300  -0.196703
      2400  -0.196196
      2500  -0.196072
      2600  -0.196431
      2700  -0.197376
      2800  -0.199007
      2900  -0.201427
      3000  -0.204738
