       300 -0.0216099
       400 -0.0262896
       500 -0.0304173
       600 -0.0340259
       700 -0.0371483
       800 -0.0398173
       900  -0.042066
      1000 -0.0439272
      1100 -0.0454338
      1200 -0.0466188
      1300  -0.047515
      1400 -0.0481554
      1500 -0.0485728
      1600 -0.0488002
      1700 -0.0488705
      1800 -0.0488166
      1900 -0.0486714
      2000 -0.0484678
      2100 -0.0482387
      2200 -0.0480171
      2300 -0.0478358
      2400 -0.0477278
      2500 -0.0477259
      2600 -0.0478631
      2700 -0.0481723
      2800 -0.0486864
      2900 -0.0494383
      3000 -0.0504609
