       300   0.176042
       400   0.182322
       500    0.18775
       600   0.192382
       700   0.196274
       800   0.199479
       900   0.202054
      1000   0.204053
      1100   0.205531
      1200   0.206543
      1300   0.207144
      1400   0.207389
      1500   0.207334
      1600   0.207033
      1700   0.206541
      1800   0.205913
      1900   0.205205
      2000   0.204471
      2100   0.203767
      2200   0.203146
      2300   0.202666
      2400   0.202379
      2500   0.202342
      2600    0.20261
      2700   0.203237
      2800   0.204278
      2900   0.205789
      3000   0.207825
