       300  -0.011829
       400 -0.0134887
       500 -0.0149462
       600 -0.0162139
       700  -0.017304
       800 -0.0182287
       900 -0.0190003
      1000 -0.0196311
      1100 -0.0201332
      1200 -0.0205191
      1300 -0.0208008
      1400 -0.0209908
      1500 -0.0211011
      1600 -0.0211442
      1700 -0.0211321
      1800 -0.0210773
      1900 -0.0209919
      2000 -0.0208882
      2100 -0.0207785
      2200 -0.0206749
      2300 -0.0205899
      2400 -0.0205355
      2500 -0.0205241
      2600  -0.020568
      2700 -0.0206793
      2800 -0.0208703
      2900 -0.0211534
      3000 -0.0215406
