       300 -0.0585785
       400 -0.0719525
       500 -0.0837544
       600 -0.0940778
       700  -0.103016
       800  -0.110663
       900  -0.117113
      1000  -0.122458
      1100  -0.126792
      1200  -0.130209
      1300  -0.132802
      1400  -0.134666
      1500  -0.135893
      1600  -0.136577
      1700  -0.136811
      1800   -0.13669
      1900  -0.136307
      2000  -0.135754
      2100  -0.135127
      2200  -0.134518
      2300   -0.13402
      2400  -0.133729
      2500  -0.133736
      2600  -0.134136
      2700  -0.135022
      2800  -0.136488
      2900  -0.138627
      3000  -0.141533
