       300 -0.0378646
       400 -0.0400996
       500 -0.0420422
       600  -0.043711
       700 -0.0451244
       800 -0.0463009
       900 -0.0472591
      1000 -0.0480174
      1100 -0.0485943
      1200 -0.0490084
      1300  -0.049278
      1400 -0.0494218
      1500 -0.0494582
      1600 -0.0494057
      1700 -0.0492828
      1800 -0.0491079
      1900 -0.0488997
      2000 -0.0486766
      2100  -0.048457
      2200 -0.0482596
      2300 -0.0481027
      2400 -0.0480049
      2500 -0.0479846
      2600 -0.0480604
      2700 -0.0482508
      2800 -0.0485743
      2900 -0.0490493
      3000 -0.0496943
