       300   0.111398
       400   0.115884
       500   0.119767
       600   0.123086
       700   0.125878
       800   0.128184
       900   0.130042
      1000   0.131491
      1100   0.132569
      1200   0.133316
      1300    0.13377
      1400    0.13397
      1500   0.133955
      1600   0.133764
      1700   0.133436
      1800   0.133009
      1900   0.132522
      2000   0.132014
      2100   0.131524
      2200   0.131091
      2300   0.130753
      2400    0.13055
      2500    0.13052
      2600   0.130701
      2700   0.131134
      2800   0.131857
      2900   0.132907
      3000   0.134326
