       300  0.0981249
       400   0.102077
       500   0.105497
       600    0.10842
       700    0.11088
       800   0.112911
       900   0.114547
      1000   0.115823
      1100   0.116773
      1200   0.117431
      1300   0.117831
      1400   0.118007
      1500   0.117994
      1600   0.117826
      1700   0.117536
      1800    0.11716
      1900   0.116731
      2000   0.116284
      2100   0.115852
      2200   0.115471
      2300   0.115173
      2400   0.114994
      2500   0.114968
      2600   0.115128
      2700   0.115509
      2800   0.116145
      2900   0.117071
      3000    0.11832
