       300 -0.0101839
       400 -0.0118789
       500 -0.0133702
       600   -0.01467
       700 -0.0157906
       800 -0.0167443
       900 -0.0175433
      1000 -0.0181999
      1100 -0.0187264
      1200  -0.019135
      1300 -0.0194379
      1400 -0.0196475
      1500  -0.019776
      1600 -0.0198357
      1700 -0.0198388
      1800 -0.0197976
      1900 -0.0197244
      2000 -0.0196314
      2100 -0.0195309
      2200 -0.0194351
      2300 -0.0193564
      2400  -0.019307
      2500 -0.0192991
      2600  -0.019345
      2700 -0.0194569
      2800 -0.0196473
      2900 -0.0199282
      3000  -0.020312
