       300 -0.0395424
       400 -0.0522857
       500 -0.0635628
       600 -0.0734601
       700 -0.0820639
       800 -0.0894606
       900 -0.0957366
      1000  -0.100978
      1100  -0.105272
      1200  -0.108704
      1300  -0.111361
      1400  -0.113328
      1500  -0.114694
      1600  -0.115543
      1700  -0.115962
      1800  -0.116038
      1900  -0.115857
      2000  -0.115505
      2100  -0.115068
      2200  -0.114634
      2300  -0.114288
      2400  -0.114117
      2500  -0.114207
      2600  -0.114644
      2700  -0.115515
      2800  -0.116906
      2900  -0.118904
      3000  -0.121595
