       300   0.102245
       400   0.111692
       500   0.119949
       600   0.127089
       700   0.133184
       800    0.13831
       900    0.14254
      1000   0.145947
      1100   0.148605
      1200   0.150588
      1300    0.15197
      1400   0.152823
      1500   0.153222
      1600   0.153241
      1700   0.152952
      1800   0.152431
      1900   0.151749
      2000   0.150982
      2100   0.150202
      2200   0.149484
      2300   0.148901
      2400   0.148527
      2500   0.148435
      2600   0.148699
      2700   0.149392
      2800   0.150589
      2900   0.152363
      3000   0.154788
