       300  0.0165944
       400  0.0174185
       500  0.0181335
       600  0.0187461
       700  0.0192635
       800  0.0196925
       900  0.0200402
      1000  0.0203135
      1100  0.0205193
      1200  0.0206647
      1300  0.0207566
      1400  0.0208019
      1500  0.0208077
      1600  0.0207809
      1700  0.0207285
      1800  0.0206574
      1900  0.0205746
      2000  0.0204871
      2100  0.0204018
      2200  0.0203257
      2300  0.0202658
      2400   0.020229
      2500  0.0202223
      2600  0.0202527
      2700  0.0203271
      2800  0.0204526
      2900   0.020636
      3000  0.0208843
