       300   0.112703
       400   0.123303
       500    0.13257
       600   0.140585
       700    0.14743
       800   0.153189
       900   0.157943
      1000   0.161775
      1100   0.164768
      1200   0.167003
      1300   0.168564
      1400   0.169533
      1500   0.169992
      1600   0.170023
      1700    0.16971
      1800   0.169135
      1900    0.16838
      2000   0.167527
      2100    0.16666
      2200    0.16586
      2300   0.165209
      2400   0.164792
      2500   0.164689
      2600   0.164983
      2700   0.165758
      2800   0.167094
      2900   0.169076
      3000   0.171784
