       300   0.347028
       400   0.379891
       500    0.40862
       600   0.433471
       700   0.454698
       800   0.472558
       900   0.487305
      1000   0.499195
      1100   0.508484
      1200   0.515426
      1300   0.520278
      1400   0.523294
      1500    0.52473
      1600   0.524842
      1700   0.523884
      1800   0.522112
      1900   0.519782
      2000   0.517149
      2100   0.514468
      2200   0.511994
      2300   0.509984
      2400   0.508692
      2500   0.508374
      2600   0.509285
      2700   0.511681
      2800   0.515817
      2900   0.521948
      3000    0.53033
