       300  0.0290644
       400  0.0433392
       500  0.0560085
       600  0.0671658
       700  0.0769047
       800  0.0853188
       900  0.0925016
      1000  0.0985468
      1100   0.103548
      1200   0.107598
      1300   0.110792
      1400   0.113223
      1500   0.114983
      1600   0.116167
      1700   0.116869
      1800   0.117182
      1900   0.117199
      2000   0.117015
      2100   0.116722
      2200   0.116415
      2300   0.116186
      2400    0.11613
      2500    0.11634
      2600    0.11691
      2700   0.117932
      2800   0.119502
      2900   0.121712
      3000   0.124656
