       300 -0.0668918
       400 -0.0770893
       500 -0.0860529
       600 -0.0938573
       700  -0.100577
       800  -0.106286
       900   -0.11106
      1000  -0.114972
      1100  -0.118098
      1200  -0.120512
      1300  -0.122288
      1400  -0.123501
      1500  -0.124226
      1600  -0.124537
      1700  -0.124509
      1800  -0.124216
      1900  -0.123732
      2000  -0.123133
      2100  -0.122492
      2200  -0.121885
      2300  -0.121386
      2400  -0.121069
      2500   -0.12101
      2600  -0.121282
      2700  -0.121959
      2800  -0.123118
      2900  -0.124831
      3000  -0.127175
