       300 -0.0791193
       400   -0.08944
       500 -0.0984964
       600  -0.106366
       700  -0.113124
       800   -0.11885
       900  -0.123618
      1000  -0.127507
      1100  -0.130593
      1200  -0.132953
      1300  -0.134665
      1400  -0.135804
      1500  -0.136448
      1600  -0.136673
      1700  -0.136557
      1800  -0.136177
      1900  -0.135609
      2000   -0.13493
      2100  -0.134218
      2200  -0.133548
      2300  -0.132999
      2400  -0.132646
      2500  -0.132568
      2600   -0.13284
      2700  -0.133539
      2800  -0.134743
      2900  -0.136528
      3000  -0.138972
