       300   0.121053
       400   0.127467
       500   0.133035
       600   0.137811
       700   0.141848
       800   0.145201
       900   0.147922
      1000   0.150067
      1100   0.151689
      1200   0.152841
      1300   0.153578
      1400   0.153953
      1500   0.154019
      1600   0.153832
      1700   0.153444
      1800    0.15291
      1900   0.152283
      2000   0.151616
      2100   0.150965
      2200   0.150382
      2300   0.149921
      2400   0.149637
      2500   0.149583
      2600   0.149812
      2700   0.150379
      2800   0.151337
      2900    0.15274
      3000   0.154643
