       300  -0.027337
       400 -0.0292709
       500 -0.0309555
       600 -0.0324064
       700 -0.0336393
       800 -0.0346698
       900 -0.0355135
      1000 -0.0361861
      1100 -0.0367031
      1200 -0.0370803
      1300 -0.0373332
      1400 -0.0374775
      1500 -0.0375289
      1600 -0.0375028
      1700 -0.0374151
      1800 -0.0372812
      1900 -0.0371169
      2000 -0.0369378
      2100 -0.0367594
      2200 -0.0365975
      2300 -0.0364677
      2400 -0.0363856
      2500 -0.0363668
      2600  -0.036427
      2700 -0.0365817
      2800 -0.0368467
      2900 -0.0372376
      3000 -0.0377699
