       300  0.0419789
       400  0.0595376
       500   0.075105
       600  0.0887977
       700   0.100732
       800   0.111025
       900   0.119792
      1000   0.127151
      1100   0.133218
      1200   0.138108
      1300    0.14194
      1400   0.144829
      1500   0.146892
      1600   0.148245
      1700   0.149005
      1800   0.149288
      1900   0.149212
      2000   0.148891
      2100   0.148444
      2200   0.147985
      2300   0.147633
      2400   0.147503
      2500   0.147712
      2600   0.148377
      2700   0.149613
      2800   0.151538
      2900   0.154268
      3000   0.157919
