       300 -0.00156447
       400  0.0135793
       500  0.0271756
       600  0.0393102
       700  0.0500683
       800  0.0595355
       900  0.0677972
      1000  0.0749389
      1100  0.0810461
      1200  0.0862042
      1300  0.0904987
      1400  0.0940151
      1500  0.0968387
      1600  0.0990552
      1700    0.10075
      1800   0.102008
      1900   0.102916
      2000   0.103558
      2100   0.104021
      2200   0.104389
      2300   0.104748
      2400   0.105184
      2500   0.105781
      2600   0.106626
      2700   0.107804
      2800   0.109401
      2900   0.111501
      3000    0.11419
