       300 -0.00143942
       400  0.0124938
       500  0.0250033
       600  0.0361679
       700  0.0460661
       800  0.0547765
       900  0.0623778
      1000  0.0689486
      1100  0.0745676
      1200  0.0793134
      1300  0.0832646
      1400  0.0864999
      1500  0.0890979
      1600  0.0911372
      1700  0.0926965
      1800  0.0938543
      1900  0.0946894
      2000  0.0952804
      2100  0.0957059
      2200  0.0960445
      2300  0.0963749
      2400  0.0967757
      2500  0.0973255
      2600   0.098103
      2700  0.0991868
      2800   0.100656
      2900   0.102588
      3000   0.105062
