       300 -0.000103921
       400 -0.000171603
       500 -0.000231774
       600 -0.000284868
       700 -0.000331323
       800 -0.000371571
       900 -0.000406048
      1000 -0.000435189
      1100 -0.000459429
      1200 -0.000479202
      1300 -0.000494945
      1400 -0.000507092
      1500 -0.000516077
      1600 -0.000522336
      1700 -0.000526304
      1800 -0.000528415
      1900 -0.000529105
      2000 -0.000528808
      2100 -0.000527961
      2200 -0.000526996
      2300 -0.00052635
      2400 -0.000526458
      2500 -0.000527754
      2600 -0.000530673
      2700 -0.000535651
      2800 -0.000543122
      2900 -0.000553521
      3000 -0.000567283
