       300  0.0650646
       400  0.0755111
       500  0.0846986
       600  0.0927031
       700  0.0996003
       800   0.105466
       900   0.110377
      1000   0.114408
      1100   0.117635
      1200   0.120135
      1300   0.121983
      1400   0.123254
      1500   0.124026
      1600   0.124374
      1700   0.124374
      1800   0.124101
      1900   0.123632
      2000   0.123042
      2100   0.122407
      2200   0.121804
      2300   0.121308
      2400   0.120995
      2500   0.120941
      2600   0.121222
      2700   0.121914
      2800   0.123092
      2900   0.124833
      3000   0.127212
