       300   0.106018
       400   0.131849
       500   0.154656
       600    0.17462
       700   0.191919
       800   0.206734
       900   0.219243
      1000   0.229627
      1100   0.238065
      1200   0.244736
      1300    0.24982
      1400   0.253497
      1500   0.255945
      1600   0.257346
      1700   0.257877
      1800    0.25772
      1900   0.257052
      2000   0.256055
      2100   0.254907
      2200   0.253788
      2300   0.252877
      2400   0.252355
      2500     0.2524
      2600   0.253192
      2700   0.254911
      2800   0.257736
      2900   0.261847
      3000   0.267423
