       300  0.0210354
       400  0.0363468
       500  0.0499675
       600  0.0619951
       700  0.0725273
       800  0.0816617
       900  0.0894962
      1000  0.0961282
      1100   0.101656
      1200   0.106176
      1300   0.109787
      1400   0.112586
      1500   0.114671
      1600    0.11614
      1700    0.11709
      1800    0.11762
      1900   0.117826
      2000   0.117806
      2100   0.117658
      2200    0.11748
      2300    0.11737
      2400   0.117424
      2500   0.117741
      2600   0.118419
      2700   0.119555
      2800   0.121246
      2900   0.123591
      3000   0.126687
