       300  0.0396206
       400  0.0466392
       500   0.052818
       600  0.0582076
       700  0.0628583
       800  0.0668206
       900  0.0701449
      1000  0.0728816
      1100  0.0750811
      1200  0.0767939
      1300  0.0780704
      1400  0.0789609
      1500  0.0795161
      1600  0.0797861
      1700  0.0798216
      1800  0.0796728
      1900  0.0793903
      2000  0.0790245
      2100  0.0786257
      2200  0.0782444
      2300  0.0779311
      2400  0.0777361
      2500  0.0777099
      2600  0.0779029
      2700  0.0783655
      2800  0.0791481
      2900  0.0803012
      3000  0.0818752
