       300 -0.00357585
       400 -0.00497218
       500 -0.00620958
       600 -0.00729735
       700 -0.00824482
       800 -0.0090613
       900 -0.00975611
      1000 -0.0103386
      1100  -0.010818
      1200 -0.0112036
      1300 -0.0115049
      1400 -0.0117311
      1500 -0.0118914
      1600 -0.0119953
      1700 -0.0120521
      1800  -0.012071
      1900 -0.0120614
      2000 -0.0120326
      2100 -0.0119939
      2200 -0.0119546
      2300 -0.0119241
      2400 -0.0119116
      2500 -0.0119265
      2600  -0.011978
      2700 -0.0120756
      2800 -0.0122285
      2900  -0.012446
      3000 -0.0127374
