       300 -0.000371764
       400  0.0112393
       500  0.0216566
       600  0.0309465
       700   0.039175
       800  0.0464085
       900   0.052713
      1000  0.0581549
      1100  0.0628002
      1200  0.0667152
      1300   0.069966
      1400   0.072619
      1500  0.0747402
      1600  0.0763958
      1700  0.0776521
      1800  0.0785752
      1900  0.0792313
      2000  0.0796867
      2100  0.0800074
      2200  0.0802598
      2300    0.08051
      2400  0.0808242
      2500  0.0812686
      2600  0.0819094
      2700  0.0828127
      2800  0.0840449
      2900  0.0856719
      3000  0.0877602
