       300  0.0113308
       400  0.0139754
       500  0.0163097
       600   0.018352
       700  0.0201208
       800  0.0216345
       900  0.0229117
      1000  0.0239708
      1100  0.0248302
      1200  0.0255084
      1300  0.0260239
      1400  0.0263951
      1500  0.0266405
      1600  0.0267785
      1700  0.0268277
      1800  0.0268064
      1900  0.0267331
      2000  0.0266263
      2100  0.0265045
      2200   0.026386
      2300  0.0262894
      2400  0.0262332
      2500  0.0262357
      2600  0.0263154
      2700  0.0264909
      2800  0.0267805
      2900  0.0272028
      3000  0.0277761
