       300  -0.377146
       400  -0.404659
       500  -0.428635
       600  -0.449295
       700  -0.466859
       800   -0.48155
       900   -0.49359
      1000  -0.503199
      1100  -0.510599
      1200  -0.516011
      1300  -0.519658
      1400   -0.52176
      1500  -0.522539
      1600  -0.522217
      1700  -0.521015
      1800  -0.519154
      1900  -0.516856
      2000  -0.514342
      2100  -0.511834
      2200  -0.509554
      2300  -0.507723
      2400  -0.506562
      2500  -0.506292
      2600  -0.507137
      2700  -0.509315
      2800  -0.513051
      2900  -0.518563
      3000  -0.526075
