       300  -0.212971
       400  -0.266497
       500  -0.313771
       600  -0.355163
       700  -0.391045
       800  -0.421787
       900   -0.44776
      1000  -0.469335
      1100  -0.486884
      1200  -0.500777
      1300  -0.511385
      1400  -0.519079
      1500   -0.52423
      1600  -0.527209
      1700  -0.528387
      1800  -0.528135
      1900  -0.526824
      2000  -0.524825
      2100  -0.522508
      2200  -0.520245
      2300  -0.518407
      2400  -0.517365
      2500  -0.517489
      2600  -0.519151
      2700  -0.522722
      2800  -0.528572
      2900  -0.537072
      3000  -0.548594
