       300  -0.158555
       400  -0.164388
       500  -0.169431
       600  -0.173737
       700  -0.177355
       800  -0.180338
       900  -0.182735
      1000  -0.184598
      1100  -0.185978
      1200  -0.186926
      1300  -0.187492
      1400  -0.187728
      1500  -0.187685
      1600  -0.187413
      1700  -0.186963
      1800  -0.186387
      1900  -0.185735
      2000  -0.185059
      2100  -0.184409
      2200  -0.183836
      2300  -0.183391
      2400  -0.183126
      2500   -0.18309
      2600  -0.183336
      2700  -0.183913
      2800  -0.184873
      2900  -0.186268
      3000  -0.188147
