       300 -0.0523337
       400  -0.116449
       500  -0.173629
       600   -0.22427
       700  -0.268769
       800  -0.307522
       900  -0.340926
      1000  -0.369377
      1100   -0.39327
      1200  -0.413004
      1300  -0.428972
      1400  -0.441574
      1500  -0.451203
      1600  -0.458257
      1700  -0.463133
      1800  -0.466226
      1900  -0.467932
      2000  -0.468649
      2100  -0.468772
      2200  -0.468698
      2300  -0.468823
      2400  -0.469544
      2500  -0.471256
      2600  -0.474356
      2700  -0.479241
      2800  -0.486307
      2900   -0.49595
      3000  -0.508566
