       300  -0.221642
       400  -0.274113
       500  -0.320431
       600  -0.360961
       700   -0.39607
       800  -0.426123
       900  -0.451487
      1000  -0.472526
      1100  -0.489606
      1200  -0.503094
      1300  -0.513354
      1400  -0.520753
      1500  -0.525657
      1600  -0.528431
      1700   -0.52944
      1800  -0.529052
      1900   -0.52763
      2000  -0.525542
      2100  -0.523153
      2200  -0.520828
      2300  -0.518934
      2400  -0.517836
      2500  -0.517899
      2600   -0.51949
      2700  -0.522975
      2800  -0.528718
      2900  -0.537087
      3000  -0.548446
