       300  -0.349363
       400  -0.376496
       500  -0.400159
       600  -0.420567
       700  -0.437938
       800  -0.452487
       900  -0.464433
      1000   -0.47399
      1100  -0.481377
      1200  -0.486809
      1300  -0.490503
      1400  -0.492675
      1500  -0.493543
      1600  -0.493322
      1700   -0.49223
      1800  -0.490483
      1900  -0.488297
      2000   -0.48589
      2100  -0.483477
      2200  -0.481275
      2300  -0.479502
      2400  -0.478373
      2500  -0.478105
      2600  -0.478915
      2700  -0.481019
      2800  -0.484634
      2900  -0.489976
      3000  -0.497263
