       300  -0.338218
       400  -0.373224
       500  -0.403859
       600  -0.430393
       700  -0.453093
       800  -0.472229
       900   -0.48807
      1000  -0.500884
      1100  -0.510941
      1200  -0.518508
      1300  -0.523856
      1400  -0.527252
      1500  -0.528966
      1600  -0.529266
      1700  -0.528421
      1800    -0.5267
      1900  -0.524372
      2000  -0.521705
      2100  -0.518969
      2200  -0.516432
      2300  -0.514363
      2400   -0.51303
      2500  -0.512704
      2600  -0.513652
      2700  -0.516143
      2800  -0.520446
      2900   -0.52683
      3000  -0.535563
