       300  -0.371043
       400  -0.384326
       500   -0.39581
       600  -0.405611
       700  -0.413844
       800  -0.420626
       900  -0.426074
      1000  -0.430304
      1100  -0.433433
      1200  -0.435576
      1300   -0.43685
      1400  -0.437371
      1500  -0.437256
      1600  -0.436621
      1700  -0.435583
      1800  -0.434257
      1900   -0.43276
      2000  -0.431209
      2100   -0.42972
      2200  -0.428409
      2300  -0.427392
      2400  -0.426787
      2500  -0.426708
      2600  -0.427273
      2700  -0.428598
      2800    -0.4308
      2900  -0.433994
      3000  -0.438297
