       300  -0.436344
       400  -0.446531
       500  -0.455306
       600  -0.462761
       700  -0.468989
       800  -0.474082
       900  -0.478132
      1000  -0.481234
      1100  -0.483478
      1200  -0.484958
      1300  -0.485766
      1400  -0.485995
      1500  -0.485737
      1600  -0.485085
      1700  -0.484132
      1800  -0.482969
      1900   -0.48169
      2000  -0.480388
      2100  -0.479154
      2200  -0.478082
      2300  -0.477263
      2400  -0.476791
      2500  -0.476758
      2600  -0.477257
      2700   -0.47838
      2800   -0.48022
      2900  -0.482869
      3000   -0.48642
