       300  -0.391775
       400  -0.415105
       500  -0.435384
       600  -0.452807
       700  -0.467567
       800  -0.479855
       900  -0.489865
      1000   -0.49779
      1100  -0.503822
      1200  -0.508155
      1300  -0.510981
      1400  -0.512493
      1500  -0.512884
      1600  -0.512347
      1700  -0.511075
      1800   -0.50926
      1900  -0.507095
      2000  -0.504774
      2100  -0.502489
      2200  -0.500433
      2300  -0.498798
      2400  -0.497779
      2500  -0.497566
      2600  -0.498354
      2700  -0.500336
      2800  -0.503703
      2900  -0.508649
      3000  -0.515367
