       300  0.0555067
       400   0.122181
       500   0.181639
       600   0.234293
       700   0.280555
       800   0.320838
       900   0.355554
      1000   0.385117
      1100   0.409939
      1200   0.430432
      1300   0.447009
      1400   0.460082
      1500   0.470065
      1600    0.47737
      1700   0.482409
      1800   0.485595
      1900   0.487341
      2000   0.488059
      2100   0.488161
      2200   0.488061
      2300   0.488172
      2400   0.488904
      2500   0.490673
      2600   0.493888
      2700   0.498965
      2800   0.506314
      2900   0.516349
      3000   0.529483
