       300  0.0170415
       400 0.00470234
       500 -0.00666914
       600 -0.0171157
       700 -0.0266801
       800 -0.0354052
       900 -0.0433336
      1000 -0.0505083
      1100 -0.0569719
      1200 -0.0627672
      1300 -0.0679371
      1400 -0.0725243
      1500 -0.0765715
      1600 -0.0801216
      1700 -0.0832174
      1800 -0.0859015
      1900 -0.0882168
      2000  -0.090206
      2100  -0.091912
      2200 -0.0933775
      2300 -0.0946453
      2400 -0.0957582
      2500 -0.0967589
      2600 -0.0976902
      2700 -0.0985949
      2800 -0.0995157
      2900  -0.100496
      3000  -0.101577
