       300 -0.0124426
       400 -0.0248725
       500 -0.0359477
       600  -0.045746
       700 -0.0543451
       800 -0.0618226
       900 -0.0682564
      1000 -0.0737242
      1100 -0.0783037
      1200 -0.0820727
      1300 -0.0851088
      1400 -0.0874899
      1500 -0.0892937
      1600 -0.0905978
      1700 -0.0914801
      1800 -0.0920183
      1900 -0.0922901
      2000 -0.0923733
      2100 -0.0923455
      2200 -0.0922845
      2300 -0.0922681
      2400  -0.092374
      2500   -0.09268
      2600 -0.0932637
      2700 -0.0942029
      2800 -0.0955753
      2900 -0.0974587
      3000 -0.0999309
