       300 5.59821e-05
       400 8.31932e-05
       500 0.000107342
       600 0.000128608
       700 0.000147168
       800 0.000163201
       900 0.000176887
      1000 0.000188403
      1100 0.000197928
      1200 0.00020564
      1300 0.000211719
      1400 0.000216342
      1500 0.000219688
      1600 0.000221936
      1700 0.000223263
      1800 0.00022385
      1900 0.000223873
      2000 0.000223512
      2100 0.000222946
      2200 0.000222352
      2300 0.000221909
      2400 0.000221796
      2500 0.000222192
      2600 0.000223274
      2700 0.000225222
      2800 0.000228213
      2900 0.000232427
      3000 0.000238041
