       300  0.0183921
       400  0.0399928
       500  0.0592536
       600  0.0763082
       700  0.0912906
       800   0.104335
       900   0.115574
      1000   0.125143
      1100   0.133174
      1200   0.139803
      1300   0.145162
      1400   0.149386
      1500   0.152609
      1600   0.154964
      1700   0.156585
      1800   0.157605
      1900    0.15816
      2000   0.158382
      2100   0.158406
      2200   0.158365
      2300   0.158394
      2400   0.158625
      2500   0.159193
      2600   0.160232
      2700   0.161875
      2800   0.164256
      2900    0.16751
      3000    0.17177
