       300 0.00698618
       400 0.00923056
       500  0.0112167
       600  0.0129597
       700  0.0144749
       800  0.0157775
       900  0.0168826
      1000  0.0178056
      1100  0.0185615
      1200  0.0191657
      1300  0.0196333
      1400  0.0199796
      1500  0.0202198
      1600   0.020369
      1700  0.0204426
      1800  0.0204557
      1900  0.0204235
      2000  0.0203612
      2100  0.0202841
      2200  0.0202074
      2300  0.0201462
      2400  0.0201159
      2500  0.0201316
      2600  0.0202085
      2700  0.0203619
      2800  0.0206069
      2900  0.0209588
      3000  0.0214329
