       300 0.00886201
       400 -0.00728604
       500  -0.021865
       600 -0.0349587
       700 -0.0466507
       800 -0.0570249
       900 -0.0661649
      1000 -0.0741544
      1100 -0.0810773
      1200 -0.0870172
      1300 -0.0920578
      1400  -0.096283
      1500 -0.0997763
      1600  -0.102622
      1700  -0.104902
      1800  -0.106703
      1900  -0.108106
      2000  -0.109196
      2100  -0.110057
      2200  -0.110772
      2300  -0.111425
      2400    -0.1121
      2500  -0.112881
      2600   -0.11385
      2700  -0.115093
      2800  -0.116692
      2900  -0.118731
      3000  -0.121295
