       300 0.00420767
       400 0.000997407
       500 -0.00195352
       600 -0.00465694
       700 -0.00712466
       800 -0.0093685
       900 -0.0114003
      1000 -0.0132318
      1100  -0.014875
      1200 -0.0163415
      1300 -0.0176432
      1400  -0.018792
      1500 -0.0197997
      1600  -0.020678
      1700 -0.0214388
      1800  -0.022094
      1900 -0.0226553
      2000 -0.0231345
      2100 -0.0235435
      2200 -0.0238941
      2300 -0.0241981
      2400 -0.0244674
      2500 -0.0247137
      2600 -0.0249489
      2700 -0.0251848
      2800 -0.0254332
      2900 -0.0257059
      3000 -0.0260148
