       300 0.00612191
       400 -0.0101254
       500 -0.0247584
       600 -0.0378647
       700 -0.0495317
       800  -0.059847
       900  -0.068898
      1000 -0.0767723
      1100 -0.0835574
      1200 -0.0893408
      1300 -0.0942099
      1400 -0.0982523
      1500  -0.101556
      1600  -0.104207
      1700  -0.106294
      1800  -0.107905
      1900  -0.109126
      2000  -0.110046
      2100  -0.110751
      2200   -0.11133
      2300   -0.11187
      2400  -0.112458
      2500  -0.113182
      2600  -0.114129
      2700  -0.115387
      2800  -0.117043
      2900  -0.119185
      3000  -0.121901
