       300  0.0166472
       400 -0.0130814
       500  -0.039926
       600 -0.0640403
       700  -0.085578
       800  -0.104693
       900  -0.121539
      1000  -0.136269
      1100  -0.149037
      1200  -0.159998
      1300  -0.169304
      1400   -0.17711
      1500  -0.183568
      1600  -0.188834
      1700   -0.19306
      1800  -0.196401
      1900  -0.199009
      2000  -0.201039
      2100  -0.202645
      2200  -0.203979
      2300  -0.205197
      2400  -0.206451
      2500  -0.207896
      2600  -0.209684
      2700   -0.21197
      2800  -0.214908
      2900  -0.218651
      3000  -0.223353
