       300 -0.0264381
       400 -0.0533036
       500  -0.077243
       600 -0.0984243
       700  -0.117015
       800  -0.133184
       900  -0.147097
      1000  -0.158924
      1100  -0.168832
      1200  -0.176989
      1300  -0.183562
      1400   -0.18872
      1500  -0.192631
      1600  -0.195462
      1700  -0.197381
      1800  -0.198555
      1900  -0.199154
      2000  -0.199344
      2100  -0.199294
      2200  -0.199171
      2300  -0.199144
      2400  -0.199379
      2500  -0.200045
      2600   -0.20131
      2700  -0.203342
      2800  -0.206308
      2900  -0.210376
      3000  -0.215715
