       300  0.0244885
       400  0.0319045
       500  0.0384641
       600  0.0442178
       700  0.0492163
       800  0.0535099
       900  0.0571493
      1000   0.060185
      1100  0.0626675
      1200  0.0646473
      1300   0.066175
      1400  0.0673011
      1500  0.0680761
      1600  0.0685506
      1700   0.068775
      1800     0.0688
      1900  0.0686761
      2000  0.0684537
      2100  0.0681834
      2200  0.0679158
      2300  0.0677013
      2400  0.0675906
      2500   0.067634
      2600  0.0678823
      2700  0.0683858
      2800  0.0691952
      2900  0.0703609
      3000  0.0719335
