       300  -0.029319
       400 -0.0435732
       500 -0.0562235
       600 -0.0673631
       700 -0.0770858
       800 -0.0854849
       900  -0.092654
      1000 -0.0986866
      1100  -0.103676
      1200  -0.107716
      1300  -0.110901
      1400  -0.113323
      1500  -0.115075
      1600  -0.116253
      1700  -0.116949
      1800  -0.117256
      1900  -0.117268
      2000   -0.11708
      2100  -0.116783
      2200  -0.116472
      2300   -0.11624
      2400  -0.116181
      2500  -0.116388
      2600  -0.116955
      2700  -0.117975
      2800  -0.119542
      2900   -0.12175
      3000  -0.124691
