       300 0.00366181
       400 0.00779819
       500  0.0114859
       600  0.0147505
       700  0.0176178
       800  0.0201134
       900   0.022263
      1000  0.0240924
      1100  0.0256271
      1200  0.0268929
      1300  0.0279155
      1400  0.0287205
      1500  0.0293337
      1600  0.0297807
      1700  0.0300871
      1800  0.0302788
      1900  0.0303813
      2000  0.0304204
      2100  0.0304218
      2200  0.0304111
      2300   0.030414
      2400  0.0304562
      2500  0.0305633
      2600  0.0307612
      2700  0.0310754
      2800  0.0315316
      2900  0.0321556
      3000   0.032973
