       300 -0.0337034
       400 -0.0500893
       500 -0.0646312
       600 -0.0774367
       700 -0.0886133
       800 -0.0982685
       900   -0.10651
      1000  -0.113444
      1100   -0.11918
      1200  -0.123825
      1300  -0.127485
      1400  -0.130269
      1500  -0.132284
      1600  -0.133638
      1700  -0.134437
      1800  -0.134791
      1900  -0.134805
      2000  -0.134588
      2100  -0.134247
      2200  -0.133889
      2300  -0.133623
      2400  -0.133555
      2500  -0.133793
      2600  -0.134445
      2700  -0.135618
      2800  -0.137419
      2900  -0.139956
      3000  -0.143337
