       300 -0.0324605
       400 -0.0512965
       500 -0.0680311
       600 -0.0827862
       700 -0.0956838
       800  -0.106846
       900  -0.116395
      1000  -0.124452
      1100   -0.13114
      1200   -0.13658
      1300  -0.140895
      1400  -0.144207
      1500  -0.146637
      1600  -0.148309
      1700  -0.149342
      1800  -0.149861
      1900  -0.149986
      2000   -0.14984
      2100  -0.149545
      2200  -0.149222
      2300  -0.148995
      2400  -0.148984
      2500  -0.149312
      2600    -0.1501
      2700  -0.151472
      2800  -0.153549
      2900  -0.156452
      3000  -0.160304
