       300  0.0170354
       400 -0.0133865
       500 -0.0408571
       600 -0.0655337
       700 -0.0875737
       800  -0.107134
       900  -0.124373
      1000  -0.139446
      1100  -0.152513
      1200  -0.163729
      1300  -0.173252
      1400   -0.18124
      1500  -0.187849
      1600  -0.193237
      1700  -0.197562
      1800   -0.20098
      1900   -0.20365
      2000  -0.205727
      2100   -0.20737
      2200  -0.208736
      2300  -0.209982
      2400  -0.211266
      2500  -0.212744
      2600  -0.214574
      2700  -0.216914
      2800   -0.21992
      2900   -0.22375
      3000  -0.228561
