       300  0.0200238
       400 0.00895867
       500 -0.00145508
       600 -0.0112362
       700 -0.0204035
       800 -0.0289758
       900 -0.0369719
      1000 -0.0444106
      1100 -0.0513106
      1200 -0.0576909
      1300 -0.0635701
      1400 -0.0689672
      1500 -0.0739008
      1600 -0.0783899
      1700 -0.0824532
      1800 -0.0861094
      1900 -0.0893775
      2000 -0.0922762
      2100 -0.0948244
      2200 -0.0970407
      2300 -0.0989441
      2400  -0.100553
      2500  -0.101887
      2600  -0.102964
      2700  -0.103804
      2800  -0.104424
      2900  -0.104845
      3000  -0.105084
