       300  0.0157784
       400  0.0213811
       500  0.0263428
       600   0.030701
       700  0.0344936
       800   0.037758
       900  0.0405321
      1000  0.0428534
      1100  0.0447596
      1200  0.0462884
      1300  0.0474774
      1400  0.0483644
      1500  0.0489869
      1600  0.0493826
      1700  0.0495893
      1800  0.0496445
      1900   0.049586
      2000  0.0494514
      2100  0.0492783
      2200  0.0491044
      2300  0.0489674
      2400   0.048905
      2500  0.0489548
      2600  0.0491545
      2700  0.0495417
      2800  0.0501541
      2900  0.0510295
      3000  0.0522053
