       300  0.0089769
       400 -0.0218315
       500 -0.0495494
       600 -0.0743454
       700 -0.0963882
       800  -0.115846
       900  -0.132889
      1000  -0.147683
      1100    -0.1604
      1200  -0.171206
      1300   -0.18027
      1400  -0.187762
      1500   -0.19385
      1600  -0.198702
      1700  -0.202487
      1800  -0.205373
      1900   -0.20753
      2000  -0.209127
      2100   -0.21033
      2200   -0.21131
      2300  -0.212235
      2400  -0.213273
      2500  -0.214594
      2600  -0.216365
      2700  -0.218755
      2800  -0.221934
      2900  -0.226069
      3000  -0.231329
