       300  0.0074465
       400   0.016363
       500  0.0243143
       600  0.0313556
       700   0.037542
       800  0.0429288
       900   0.047571
      1000   0.051524
      1100  0.0548429
      1200  0.0575829
      1300  0.0597991
      1400  0.0615468
      1500  0.0628812
      1600  0.0638573
      1700  0.0645306
      1800   0.064956
      1900  0.0651888
      2000  0.0652842
      2100  0.0652974
      2200  0.0652836
      2300  0.0652979
      2400  0.0653955
      2500  0.0656317
      2600  0.0660616
      2700  0.0667404
      2800  0.0677233
      2900  0.0690655
      3000  0.0708221
