       300   0.156125
       400   0.165174
       500   0.173038
       600   0.179791
       700   0.185509
       800   0.190267
       900    0.19414
      1000   0.197202
      1100    0.19953
      1200   0.201198
      1300   0.202281
      1400   0.202853
      1500   0.202992
      1600    0.20277
      1700   0.202264
      1800   0.201548
      1900   0.200698
      2000   0.199788
      2100   0.198894
      2200   0.198091
      2300   0.197453
      2400   0.197056
      2500   0.196975
      2600   0.197285
      2700    0.19806
      2800   0.199377
      2900    0.20131
      3000   0.203934
