       300  0.0587334
       400  0.0619269
       500  0.0647001
       600  0.0670796
       700   0.069092
       800  0.0707642
       900  0.0721227
      1000  0.0731944
      1100  0.0740059
      1200  0.0745838
      1300   0.074955
      1400  0.0751461
      1500  0.0751838
      1600  0.0750948
      1700  0.0749058
      1800  0.0746436
      1900  0.0743348
      2000   0.074006
      2100  0.0736842
      2200  0.0733958
      2300  0.0731677
      2400  0.0730265
      2500  0.0729989
      2600  0.0731116
      2700  0.0733914
      2800   0.073865
      2900   0.074559
      3000  0.0755001
