       300  0.0213149
       400  0.0252331
       500  0.0286838
       600   0.031695
       700  0.0342948
       800  0.0365112
       900  0.0383721
      1000  0.0399058
      1100  0.0411401
      1200  0.0421031
      1300  0.0428229
      1400  0.0433275
      1500  0.0436449
      1600  0.0438032
      1700  0.0438303
      1800  0.0437544
      1900  0.0436035
      2000  0.0434056
      2100  0.0431887
      2200  0.0429809
      2300  0.0428102
      2400  0.0427046
      2500  0.0426923
      2600  0.0428011
      2700  0.0430592
      2800  0.0434946
      2900  0.0441353
      3000  0.0450093
