       300 0.00815469
       400  0.0109589
       500  0.0134416
       600  0.0156218
       700  0.0175184
       800  0.0191502
       900  0.0205362
      1000  0.0216953
      1100  0.0226463
      1200  0.0234082
      1300  0.0239999
      1400  0.0244403
      1500  0.0247482
      1600  0.0249426
      1700  0.0250424
      1800  0.0250664
      1900  0.0250337
      2000   0.024963
      2100  0.0248733
      2200  0.0247835
      2300  0.0247124
      2400  0.0246791
      2500  0.0247023
      2600   0.024801
      2700  0.0249941
      2800  0.0253005
      2900   0.025739
      3000  0.0263287
