       300  0.0167098
       400  0.0197815
       500  0.0224866
       600  0.0248473
       700  0.0268854
       800  0.0286229
       900  0.0300818
      1000  0.0312841
      1100  0.0322517
      1200  0.0330067
      1300  0.0335709
      1400  0.0339665
      1500  0.0342153
      1600  0.0343394
      1700  0.0343607
      1800  0.0343012
      1900  0.0341829
      2000  0.0340278
      2100  0.0338577
      2200  0.0336948
      2300   0.033561
      2400  0.0334783
      2500  0.0334686
      2600  0.0335539
      2700  0.0337562
      2800  0.0340975
      2900  0.0345998
      3000   0.035285
