       300 -0.0332269
       400  -0.036783
       500 -0.0398963
       600 -0.0425941
       700 -0.0449035
       800 -0.0468517
       900 -0.0484659
      1000 -0.0497733
      1100 -0.0508011
      1200 -0.0515764
      1300 -0.0521264
      1400 -0.0524784
      1500 -0.0526595
      1600 -0.0526969
      1700 -0.0526178
      1800 -0.0524493
      1900 -0.0522187
      2000 -0.0519532
      2100 -0.0516798
      2200 -0.0514259
      2300 -0.0512186
      2400 -0.0510851
      2500 -0.0510525
      2600 -0.0511481
      2700  -0.051399
      2800 -0.0518325
      2900 -0.0524757
      3000 -0.0533558
