       300 -0.0300754
       400  -0.035127
       500 -0.0395719
       600 -0.0434465
       700 -0.0467874
       800  -0.049631
       900  -0.052014
      1000 -0.0539727
      1100 -0.0555438
      1200 -0.0567637
      1300 -0.0576689
      1400  -0.058296
      1500 -0.0586814
      1600 -0.0588617
      1700 -0.0588734
      1800 -0.0587529
      1900 -0.0585369
      2000 -0.0582618
      2100 -0.0579641
      2200 -0.0576803
      2300  -0.057447
      2400 -0.0573006
      2500 -0.0572777
      2600 -0.0574148
      2700 -0.0577484
      2800  -0.058315
      2900 -0.0591511
      3000 -0.0602933
