       300  0.0134264
       400  0.0211282
       500  0.0279702
       600  0.0340024
       700  0.0392747
       800  0.0438371
       900  0.0477395
      1000  0.0510317
      1100  0.0537639
      1200  0.0559858
      1300  0.0577474
      1400  0.0590986
      1500  0.0600894
      1600  0.0607697
      1700  0.0611895
      1800  0.0613986
      1900   0.061447
      2000  0.0613846
      2100  0.0612614
      2200  0.0611273
      2300  0.0610321
      2400   0.061026
      2500  0.0611587
      2600  0.0614802
      2700  0.0620404
      2800  0.0628894
      2900  0.0640769
      3000  0.0656529
