       300 -0.0355261
       400 -0.0418194
       500 -0.0473597
       600 -0.0521923
       700 -0.0563624
       800 -0.0599152
       900  -0.062896
      1000 -0.0653498
      1100 -0.0673221
      1200 -0.0688578
      1300 -0.0700024
      1400 -0.0708009
      1500 -0.0712987
      1600 -0.0715408
      1700 -0.0715726
      1800 -0.0714393
      1900  -0.071186
      2000 -0.0708579
      2100 -0.0705003
      2200 -0.0701585
      2300 -0.0698775
      2400 -0.0697027
      2500 -0.0696792
      2600 -0.0698522
      2700  -0.070267
      2800 -0.0709688
      2900 -0.0720027
      3000 -0.0734141
