       300  0.0007758
       400 -4.16937e-05
       500 -0.000785384
       600 -0.00145899
       700 -0.00206624
       800 -0.00261084
       900 -0.00309653
      1000 -0.00352701
      1100 -0.00390602
      1200 -0.00423727
      1300 -0.00452449
      1400 -0.00477139
      1500 -0.0049817
      1600 -0.00515914
      1700 -0.00530742
      1800 -0.00543027
      1900 -0.00553142
      2000 -0.00561457
      2100 -0.00568346
      2200 -0.0057418
      2300 -0.00579331
      2400 -0.00584172
      2500 -0.00589075
      2600 -0.00594411
      2700 -0.00600553
      2800 -0.00607873
      2900 -0.00616743
      3000 -0.00627536
