       300  0.0109786
       400   0.025797
       500  0.0390179
       600  0.0507326
       700   0.061032
       800  0.0700074
       900  0.0777498
      1000  0.0843505
      1100  0.0899004
      1200  0.0944908
      1300  0.0982128
      1400   0.101158
      1500   0.103416
      1600    0.10508
      1700   0.106239
      1800   0.106986
      1900   0.107411
      2000   0.107606
      2100   0.107661
      2200   0.107668
      2300   0.107718
      2400   0.107902
      2500    0.10831
      2600   0.109036
      2700   0.110168
      2800   0.111799
      2900    0.11402
      3000   0.116921
