       300   0.294039
       400   0.336701
       500   0.374181
       600   0.406794
       700   0.434851
       800   0.458669
       900   0.478559
      1000   0.494836
      1100   0.507813
      1200   0.517805
      1300   0.525124
      1400   0.530085
      1500   0.533002
      1600   0.534187
      1700   0.533955
      1800    0.53262
      1900   0.530495
      2000   0.527894
      2100    0.52513
      2200   0.522517
      2300    0.52037
      2400   0.519002
      2500   0.518725
      2600   0.519855
      2700   0.522705
      2800   0.527589
      2900    0.53482
      3000   0.544712
