       300  0.0594166
       400  0.0723198
       500  0.0837013
       600  0.0936516
       700   0.102262
       800   0.109622
       900   0.115823
      1000   0.120956
      1100   0.125112
      1200   0.128381
      1300   0.130854
      1400   0.132621
      1500   0.133774
      1600   0.134403
      1700   0.134598
      1800   0.134451
      1900   0.134052
      2000   0.133493
      2100   0.132862
      2200   0.132253
      2300   0.131754
      2400   0.131457
      2500   0.131452
      2600   0.131831
      2700   0.132684
      2800   0.134101
      2900   0.136174
      3000   0.138992
