       300 -0.00126238
       400 -0.00209254
       500 -0.00283062
       600 -0.00348194
       700 -0.00405185
       800 -0.00454566
       900 -0.00496871
      1000 -0.00532634
      1100 -0.00562387
      1200 -0.00586664
      1300 -0.00605997
      1400 -0.0062092
      1500 -0.00631967
      1600 -0.00639669
      1700 -0.00644561
      1800 -0.00647176
      1900 -0.00648046
      2000 -0.00647706
      2100 -0.00646687
      2200 -0.00645524
      2300 -0.00644749
      2400 -0.00644895
      2500 -0.00646496
      2600 -0.00650085
      2700 -0.00656196
      2800 -0.0066536
      2900 -0.00678112
      3000 -0.00694984
