       300 -0.00719395
       400 -0.00931214
       500 -0.0111853
       600 -0.0128279
       700 -0.0142545
       800 -0.0154794
       900 -0.0165172
      1000 -0.0173824
      1100 -0.0180893
      1200 -0.0186525
      1300 -0.0190864
      1400 -0.0194055
      1500 -0.0196243
      1600 -0.0197573
      1700 -0.0198188
      1800 -0.0198235
      1900 -0.0197856
      2000 -0.0197198
      2100 -0.0196405
      2200 -0.0195621
      2300 -0.0194991
      2400  -0.019466
      2500 -0.0194773
      2600 -0.0195474
      2700 -0.0196908
      2800  -0.019922
      2900 -0.0202554
      3000 -0.0207055
