       300  0.0356551
       400  0.0469046
       500  0.0568583
       600  0.0655923
       700  0.0731832
       800  0.0797074
       900  0.0852411
      1000  0.0898608
      1100  0.0936428
      1200  0.0966636
      1300  0.0989994
      1400   0.100727
      1500   0.101922
      1600   0.102662
      1700   0.103022
      1800   0.103079
      1900   0.102909
      2000   0.102589
      2100   0.102196
      2200   0.101805
      2300   0.101493
      2400   0.101336
      2500   0.101411
      2600   0.101793
      2700   0.102561
      2800   0.103789
      2900   0.105554
      3000   0.107933
