       300  0.0439403
       400  0.0486429
       500  0.0527601
       600  0.0563277
       700  0.0593817
       800  0.0619581
       900  0.0640928
      1000  0.0658217
      1100  0.0671808
      1200  0.0682061
      1300  0.0689335
      1400   0.069399
      1500  0.0696385
      1600  0.0696879
      1700  0.0695833
      1800  0.0693605
      1900  0.0690556
      2000  0.0687044
      2100  0.0683429
      2200  0.0680071
      2300   0.067733
      2400  0.0675564
      2500  0.0675133
      2600  0.0676398
      2700  0.0679716
      2800  0.0685448
      2900  0.0693954
      3000  0.0705593
