       300  0.0385045
       400  0.0426254
       500  0.0462332
       600  0.0493595
       700  0.0520357
       800  0.0542933
       900  0.0561639
      1000   0.057679
      1100    0.05887
      1200  0.0597684
      1300  0.0604058
      1400  0.0608137
      1500  0.0610236
      1600  0.0610669
      1700  0.0609752
      1800    0.06078
      1900  0.0605128
      2000  0.0602051
      2100  0.0598883
      2200  0.0595941
      2300  0.0593538
      2400  0.0591991
      2500  0.0591613
      2600  0.0592721
      2700  0.0595629
      2800  0.0600652
      2900  0.0608106
      3000  0.0618305
