       300  0.0517138
       400  0.0818882
       500   0.108697
       600   0.132335
       700   0.152999
       800   0.170883
       900   0.186183
      1000   0.199095
      1100   0.209813
      1200   0.218533
      1300   0.225451
      1400   0.230761
      1500    0.23466
      1600   0.237343
      1700   0.239004
      1800    0.23984
      1900   0.240046
      2000   0.239817
      2100   0.239349
      2200   0.238836
      2300   0.238475
      2400   0.238461
      2500   0.238989
      2600   0.240255
      2700   0.242453
      2800    0.24578
      2900    0.25043
      3000     0.2566
