       300 -0.0144824
       400 -0.0174702
       500 -0.0201044
       600 -0.0224061
       700 -0.0243964
       800 -0.0260964
       900 -0.0275273
      1000 -0.0287101
      1100 -0.0296661
      1200 -0.0304162
      1300 -0.0309816
      1400 -0.0313835
      1500 -0.0316429
      1600  -0.031781
      1700 -0.0318189
      1800 -0.0317776
      1900 -0.0316784
      2000 -0.0315423
      2100 -0.0313904
      2200 -0.0312439
      2300 -0.0311239
      2400 -0.0310514
      2500 -0.0310477
      2600 -0.0311338
      2700 -0.0313309
      2800   -0.03166
      2900 -0.0321423
      3000 -0.0327988
