       300   0.143725
       400   0.164428
       500   0.182615
       600   0.198438
       700    0.21205
       800   0.223603
       900   0.233249
      1000   0.241142
      1100   0.247432
      1200   0.252273
      1300   0.255817
      1400   0.258217
      1500   0.259623
      1600   0.260191
      1700    0.26007
      1800   0.259414
      1900   0.258376
      2000   0.257107
      2100   0.255759
      2200   0.254487
      2300    0.25344
      2400   0.252773
      2500   0.252637
      2600   0.253185
      2700    0.25457
      2800   0.256942
      2900   0.260456
      3000   0.265263
