       300  0.0359015
       400  0.0457271
       500   0.054411
       600  0.0620208
       700  0.0686242
       800  0.0742886
       900  0.0790816
      1000  0.0830708
      1100  0.0863237
      1200  0.0889079
      1300   0.090891
      1400  0.0923405
      1500  0.0933239
      1600  0.0939088
      1700  0.0941628
      1800  0.0941534
      1900  0.0939482
      2000  0.0936148
      2100  0.0932206
      2200  0.0928333
      2300  0.0925204
      2400  0.0923495
      2500  0.0923882
      2600  0.0927039
      2700  0.0933642
      2800  0.0944368
      2900  0.0959891
      3000  0.0980887
