       300  0.0701766
       400  0.0752208
       500  0.0796155
       600  0.0834015
       700  0.0866195
       800  0.0893102
       900  0.0915142
      1000  0.0932723
      1100   0.094625
      1200  0.0956132
      1300  0.0962775
      1400  0.0966585
      1500   0.096797
      1600  0.0967336
      1700  0.0965091
      1800  0.0961641
      1900  0.0957393
      2000  0.0952754
      2100   0.094813
      2200  0.0943929
      2300  0.0940558
      2400  0.0938423
      2500  0.0937931
      2600  0.0939489
      2700  0.0943503
      2800  0.0950382
      2900  0.0960531
      3000  0.0974357
