       300 0.00425634
       400 0.00483639
       500 0.00534563
       600 0.00578837
       700  0.0061689
       800 0.00649153
       900 0.00676054
      1000 0.00698025
      1100 0.00715494
      1200 0.00728891
      1300 0.00738647
      1400 0.00745192
      1500 0.00748954
      1600 0.00750364
      1700 0.00749852
      1800 0.00747847
      1900  0.0074478
      2000  0.0074108
      2100 0.00737177
      2200 0.00733501
      2300 0.00730481
      2400 0.00728548
      2500 0.00728132
      2600 0.00729661
      2700 0.00733567
      2800 0.00740278
      2900 0.00750225
      3000 0.00763838
