       300  0.0351533
       400  0.0640566
       500  0.0897849
       600   0.112521
       700   0.132448
       800   0.149749
       900   0.164607
      1000   0.177205
      1100   0.187725
      1200    0.19635
      1300   0.203264
      1400    0.20865
      1500    0.21269
      1600   0.215567
      1700   0.217465
      1800   0.218565
      1900   0.219052
      2000   0.219108
      2100   0.218915
      2200   0.218658
      2300   0.218518
      2400    0.21868
      2500   0.219324
      2600   0.220636
      2700   0.222797
      2800   0.225991
      2900     0.2304
      3000   0.236207
