       300  0.0324116
       400   0.041282
       500  0.0491218
       600  0.0559919
       700  0.0619533
       800  0.0670671
       900  0.0713942
      1000  0.0749956
      1100  0.0779324
      1200  0.0802654
      1300  0.0820556
      1400  0.0833642
      1500   0.084252
      1600  0.0847801
      1700  0.0850094
      1800  0.0850009
      1900  0.0848157
      2000  0.0845146
      2100  0.0841588
      2200  0.0838092
      2300  0.0835267
      2400  0.0833724
      2500  0.0834073
      2600  0.0836923
      2700  0.0842884
      2800  0.0852567
      2900  0.0866581
      3000  0.0885537
