       300   0.152031
       400    0.17393
       500   0.193169
       600   0.209906
       700   0.224305
       800   0.236526
       900    0.24673
      1000   0.255078
      1100   0.261732
      1200   0.266853
      1300   0.270602
      1400    0.27314
      1500   0.274628
      1600   0.275228
      1700     0.2751
      1800   0.274407
      1900   0.273308
      2000   0.271966
      2100   0.270541
      2200   0.269194
      2300   0.268088
      2400   0.267382
      2500   0.267238
      2600   0.267818
      2700   0.269282
      2800   0.271792
      2900   0.275508
      3000   0.280593
