       300  0.0611535
       400  0.0826813
       500   0.101745
       600   0.118488
       700   0.133057
       800   0.145596
       900    0.15625
      1000   0.165164
      1100   0.172482
      1200    0.17835
      1300   0.182911
      1400   0.186312
      1500   0.188696
      1600    0.19021
      1700   0.190996
      1800   0.191201
      1900   0.190969
      2000   0.190445
      2100   0.189773
      2200   0.189099
      2300   0.188568
      2400   0.188324
      2500   0.188512
      2600   0.189276
      2700   0.190763
      2800   0.193116
      2900    0.19648
      3000      0.201
