       300 0.00469094
       400  -0.012104
       500  -0.027212
       600 -0.0407252
       700 -0.0527357
       800 -0.0633357
       900 -0.0726172
      1000 -0.0806724
      1100 -0.0875935
      1200 -0.0934725
      1300 -0.0984016
      1400  -0.102473
      1500  -0.105779
      1600  -0.108411
      1700  -0.110461
      1800  -0.112023
      1900  -0.113187
      2000  -0.114046
      2100  -0.114692
      2200  -0.115218
      2300  -0.115715
      2400  -0.116275
      2500  -0.116991
      2600  -0.117955
      2700  -0.119258
      2800  -0.120993
      2900  -0.123253
      3000  -0.126129
