       300 0.00475202
       400  0.0017621
       500 -0.00101804
       600 -0.00359653
       700 -0.00598149
       800 -0.00818104
       900 -0.0102033
      1000 -0.0120564
      1100 -0.0137485
      1200 -0.0152876
      1300 -0.0166819
      1400 -0.0179396
      1500 -0.0190687
      1600 -0.0200774
      1700 -0.0209738
      1800  -0.021766
      1900 -0.0224621
      2000 -0.0230703
      2100 -0.0235987
      2200 -0.0240553
      2300 -0.0244484
      2400 -0.0247861
      2500 -0.0250764
      2600 -0.0253275
      2700 -0.0255476
      2800 -0.0257446
      2900 -0.0259268
      3000 -0.0261024
