       300  0.0553579
       400   0.121854
       500   0.181152
       600   0.233665
       700   0.279802
       800   0.319977
       900   0.354601
      1000   0.384084
      1100   0.408839
      1200   0.429277
      1300    0.44581
      1400   0.458848
      1500   0.468804
      1600    0.47609
      1700   0.481115
      1800   0.484293
      1900   0.486034
      2000    0.48675
      2100   0.486852
      2200   0.486752
      2300   0.486862
      2400   0.487593
      2500   0.489357
      2600   0.492564
      2700   0.497627
      2800   0.504956
      2900   0.514965
      3000   0.528063
