       300 0.00172175
       400 -0.00217183
       500 -0.00568164
       600 -0.00882835
       700 -0.0116327
       800 -0.0141153
       900 -0.0162968
      1000 -0.0181981
      1100 -0.0198397
      1200 -0.0212423
      1300 -0.0224267
      1400 -0.0234134
      1500 -0.0242233
      1600  -0.024877
      1700 -0.0253952
      1800 -0.0257985
      1900 -0.0261077
      2000 -0.0263434
      2100 -0.0265264
      2200 -0.0266773
      2300 -0.0268168
      2400 -0.0269656
      2500 -0.0271444
      2600 -0.0273739
      2700 -0.0276747
      2800 -0.0280676
      2900 -0.0285733
      3000 -0.0292123
