       300 0.00759317
       400 0.00265508
       500 -0.00192543
       600 -0.00616278
       700 -0.0100714
       800 -0.0136657
       900 -0.0169601
      1000 -0.0199691
      1100  -0.022707
      1200 -0.0251883
      1300 -0.0274273
      1400 -0.0294386
      1500 -0.0312365
      1600 -0.0328355
      1700   -0.03425
      1800 -0.0354943
      1900  -0.036583
      2000 -0.0375305
      2100 -0.0383511
      2200 -0.0390592
      2300 -0.0396694
      2400  -0.040196
      2500 -0.0406535
      2600 -0.0410562
      2700 -0.0414186
      2800 -0.0417552
      2900 -0.0420802
      3000 -0.0424083
