       300 -7.82874e-05
       400 0.00129495
       500  0.0025273
       600 0.00362658
       700 0.00460058
       800 0.00545711
       900 0.00620396
      1000 0.00684894
      1100 0.00739986
      1200  0.0078645
      1300 0.00825068
      1400  0.0085662
      1500 0.00881885
      1600 0.00901644
      1700 0.00916678
      1800 0.00927765
      1900 0.00935687
      2000 0.00941224
      2100 0.00945155
      2200 0.00948262
      2300 0.00951323
      2400  0.0095512
      2500 0.00960432
      2600  0.0096804
      2700 0.00978724
      2800 0.00993263
      2900  0.0101244
      3000  0.0103703
