       300 -0.000756578
       400 -0.0199265
       500 -0.0371142
       600 -0.0524301
       700 -0.0659844
       800 -0.0778876
       900 -0.0882498
      1000 -0.0971815
      1100  -0.104793
      1200  -0.111195
      1300  -0.116496
      1400  -0.120809
      1500  -0.124243
      1600  -0.126908
      1700  -0.128915
      1800  -0.130373
      1900  -0.131394
      2000  -0.132088
      2100  -0.132565
      2200  -0.132935
      2300  -0.133308
      2400  -0.133796
      2500  -0.134507
      2600  -0.135554
      2700  -0.137045
      2800  -0.139091
      2900  -0.141803
      3000  -0.145291
