       300 0.00660051
       400 -0.0109169
       500 -0.0266939
       600 -0.0408248
       700 -0.0534039
       800 -0.0645256
       900 -0.0742843
      1000 -0.0827742
      1100 -0.0900897
      1200 -0.0963252
      1300  -0.101575
      1400  -0.105933
      1500  -0.109495
      1600  -0.112354
      1700  -0.114604
      1800  -0.116341
      1900  -0.117657
      2000  -0.118649
      2100   -0.11941
      2200  -0.120034
      2300  -0.120616
      2400   -0.12125
      2500   -0.12203
      2600  -0.123051
      2700  -0.124407
      2800  -0.126193
      2900  -0.128503
      3000  -0.131431
