       300 0.00355947
       400 0.00470298
       500  0.0057149
       600 0.00660299
       700 0.00737498
       800 0.00803864
       900 0.00860172
      1000 0.00907196
      1100 0.00945712
      1200 0.00976496
      1300  0.0100032
      1400  0.0101797
      1500   0.010302
      1600  0.0103781
      1700  0.0104155
      1800  0.0104222
      1900  0.0104058
      2000  0.0103741
      2100  0.0103348
      2200  0.0102957
      2300  0.0102645
      2400  0.0102491
      2500  0.0102571
      2600  0.0102963
      2700  0.0103744
      2800  0.0104993
      2900  0.0106786
      3000  0.0109201
