       300  0.0439524
       400  0.0486564
       500  0.0527747
       600  0.0563433
       700  0.0593981
       800  0.0619752
       900  0.0641105
      1000  0.0658399
      1100  0.0671994
      1200   0.068225
      1300  0.0689526
      1400  0.0694182
      1500  0.0696577
      1600  0.0697072
      1700  0.0696025
      1800  0.0693797
      1900  0.0690747
      2000  0.0687234
      2100  0.0683618
      2200  0.0680259
      2300  0.0677517
      2400  0.0675751
      2500   0.067532
      2600  0.0676585
      2700  0.0679904
      2800  0.0685638
      2900  0.0694146
      3000  0.0705788
