       300    0.29404
       400   0.336702
       500   0.374183
       600   0.406795
       700   0.434853
       800    0.45867
       900    0.47856
      1000   0.494837
      1100   0.507815
      1200   0.517807
      1300   0.525126
      1400   0.530087
      1500   0.533004
      1600   0.534189
      1700   0.533957
      1800   0.532622
      1900   0.530497
      2000   0.527895
      2100   0.525132
      2200   0.522519
      2300   0.520372
      2400   0.519003
      2500   0.518727
      2600   0.519857
      2700   0.522707
      2800   0.527591
      2900   0.534822
      3000   0.544714
