       300  0.0695872
       400  0.0763606
       500  0.0822839
       600  0.0874095
       700    0.09179
       800  0.0954778
       900  0.0985252
      1000   0.100985
      1100   0.102909
      1200    0.10435
      1300   0.105361
      1400   0.105994
      1500   0.106301
      1600   0.106334
      1700   0.106148
      1800   0.105792
      1900   0.105321
      2000   0.104787
      2100   0.104241
      2200   0.103737
      2300   0.103327
      2400   0.103063
      2500   0.102998
      2600   0.103185
      2700   0.103675
      2800   0.104521
      2900   0.105776
      3000   0.107491
