       300  0.0100415
       400   0.023595
       500  0.0356874
       600  0.0464021
       700  0.0558223
       800  0.0640316
       900  0.0711131
      1000  0.0771503
      1100  0.0822266
      1200  0.0864251
      1300  0.0898294
      1400  0.0925228
      1500  0.0945885
      1600    0.09611
      1700  0.0971706
      1800  0.0978537
      1900  0.0982425
      2000  0.0984205
      2100  0.0984711
      2200  0.0984774
      2300   0.098523
      2400  0.0986911
      2500  0.0990652
      2600  0.0997284
      2700   0.100764
      2800   0.102256
      2900   0.104287
      3000   0.106941
