       300  0.0104235
       400   0.019029
       500  0.0266894
       600  0.0334591
       700  0.0393925
       800  0.0445442
       900  0.0489685
      1000    0.05272
      1100   0.055853
      1200  0.0584221
      1300  0.0604816
      1400   0.062086
      1500  0.0632899
      1600  0.0641475
      1700  0.0647135
      1800  0.0650421
      1900   0.065188
      2000  0.0652055
      2100  0.0651491
      2200  0.0650732
      2300  0.0650323
      2400  0.0650809
      2500  0.0652733
      2600  0.0656641
      2700  0.0663077
      2800  0.0672586
      2900  0.0685711
      3000  0.0702998
