       300   0.163669
       400   0.176805
       500   0.188265
       600   0.198154
       700   0.206577
       800   0.213636
       900   0.219438
      1000   0.224086
      1100   0.227685
      1200   0.230339
      1300   0.232152
      1400   0.233229
      1500   0.233675
      1600   0.233593
      1700   0.233088
      1800   0.232265
      1900   0.231227
      2000    0.23008
      2100   0.228927
      2200   0.227874
      2300   0.227024
      2400   0.226482
      2500   0.226352
      2600   0.226738
      2700   0.227746
      2800   0.229479
      2900   0.232042
      3000   0.235539
