       300  0.0504004
       400  0.0613456
       500      0.071
       600  0.0794404
       700  0.0867439
       800  0.0929873
       900  0.0982476
      1000   0.102602
      1100   0.106127
      1200     0.1089
      1300   0.110997
      1400   0.112496
      1500   0.113474
      1600   0.114008
      1700   0.114173
      1800   0.114049
      1900   0.113711
      2000   0.113236
      2100   0.112701
      2200   0.112184
      2300   0.111761
      2400   0.111509
      2500   0.111505
      2600   0.111826
      2700    0.11255
      2800   0.113752
      2900    0.11551
      3000   0.117901
