       300   0.204919
       400   0.221366
       500   0.235715
       600   0.248097
       700   0.258642
       800   0.267481
       900   0.274745
      1000   0.280564
      1100    0.28507
      1200   0.288393
      1300   0.290663
      1400   0.292012
      1500   0.292569
      1600   0.292467
      1700   0.291835
      1800   0.290804
      1900   0.289505
      2000   0.288069
      2100   0.286626
      2200   0.285307
      2300   0.284242
      2400   0.283564
      2500   0.283401
      2600   0.283885
      2700   0.285147
      2800   0.287317
      2900   0.290526
      3000   0.294904
