       300 -0.0144736
       400 -0.0174596
       500 -0.0200922
       600 -0.0223925
       700 -0.0243816
       800 -0.0260806
       900 -0.0275106
      1000 -0.0286928
      1100 -0.0296481
      1200 -0.0303978
      1300 -0.0309629
      1400 -0.0313645
      1500 -0.0316238
      1600 -0.0317618
      1700 -0.0317996
      1800 -0.0317584
      1900 -0.0316592
      2000 -0.0315232
      2100 -0.0313714
      2200  -0.031225
      2300  -0.031105
      2400 -0.0310326
      2500 -0.0310289
      2600  -0.031115
      2700 -0.0313119
      2800 -0.0316408
      2900 -0.0321228
      3000  -0.032779
