       300 0.00901823
       400  0.0110042
       500  0.0127561
       600   0.014288
       700  0.0156137
       800  0.0167473
       900  0.0177026
      1000  0.0184937
      1100  0.0191344
      1200  0.0196387
      1300  0.0200206
      1400  0.0202939
      1500  0.0204727
      1600  0.0205708
      1700  0.0206022
      1800  0.0205809
      1900  0.0205207
      2000  0.0204357
      2100  0.0203398
      2200  0.0202469
      2300   0.020171
      2400  0.0201259
      2500  0.0201257
      2600  0.0201843
      2700  0.0203156
      2800  0.0205336
      2900  0.0208522
      3000  0.0212854
