       300   0.221409
       400   0.273825
       500   0.320094
       600   0.360582
       700   0.395654
       800   0.425675
       900   0.451012
      1000   0.472029
      1100   0.489091
      1200   0.502565
      1300   0.512814
      1400   0.520206
      1500   0.525104
      1600   0.527875
      1700   0.528884
      1800   0.528495
      1900   0.527076
      2000    0.52499
      2100   0.522603
      2200   0.520281
      2300   0.518388
      2400   0.517291
      2500   0.517355
      2600   0.518944
      2700   0.522425
      2800   0.528163
      2900   0.536522
      3000   0.547869
