       300 -8.50688e-05
       400 -0.000135264
       500 -0.000179864
       600 -0.000219192
       700 -0.000253574
       800 -0.000283335
       900 -0.000308799
      1000 -0.000330291
      1100 -0.000348136
      1200 -0.000362659
      1300 -0.000374184
      1400 -0.000383036
      1500 -0.000389541
      1600 -0.000394022
      1700 -0.000396804
      1800 -0.000398213
      1900 -0.000398573
      2000 -0.000398209
      2100 -0.000397446
      2200 -0.000396608
      2300 -0.00039602
      2400 -0.000396007
      2500 -0.000396894
      2600 -0.000399005
      2700 -0.000402666
      2800 -0.000408201
      2900 -0.000415934
      3000 -0.000426192
