       300 -0.00921892
       400  -0.013386
       500 -0.0170824
       600 -0.0203356
       700 -0.0231731
       800 -0.0256225
       900 -0.0277111
      1000 -0.0294664
      1100 -0.0309161
      1200 -0.0320875
      1300 -0.0330081
      1400 -0.0337054
      1500 -0.0342069
      1600 -0.0345401
      1700 -0.0347325
      1800 -0.0348116
      1900 -0.0348048
      2000 -0.0347397
      2100 -0.0346436
      2200 -0.0345442
      2300 -0.0344689
      2400 -0.0344452
      2500 -0.0345005
      2600 -0.0346624
      2700 -0.0349584
      2800 -0.0354158
      2900 -0.0360623
      3000 -0.0369253
