       300  0.0024647
       400 0.000216426
       500 -0.0018365
       600 -0.00370362
       700 -0.00539446
       800 -0.00691855
       900 -0.00828543
      1000 -0.00950463
      1100 -0.0105857
      1200 -0.0115381
      1300 -0.0123715
      1400 -0.0130953
      1500 -0.0137191
      1600 -0.0142524
      1700 -0.0147048
      1800 -0.0150857
      1900 -0.0154048
      2000 -0.0156715
      2100 -0.0158954
      2200  -0.016086
      2300 -0.0162529
      2400 -0.0164056
      2500 -0.0165536
      2600 -0.0167064
      2700 -0.0168736
      2800 -0.0170647
      2900 -0.0172893
      3000 -0.0175569
