       300 0.00438066
       400 -0.0107798
       500 -0.0244191
       600 -0.0366202
       700 -0.0474662
       800   -0.05704
       900 -0.0654246
      1000 -0.0727032
      1100 -0.0789586
      1200  -0.084274
      1300 -0.0887323
      1400 -0.0924166
      1500 -0.0954099
      1600 -0.0977952
      1700 -0.0996554
      1800  -0.101074
      1900  -0.102133
      2000  -0.102917
      2100  -0.103507
      2200  -0.103988
      2300  -0.104441
      2400  -0.104951
      2500    -0.1056
      2600  -0.106472
      2700  -0.107648
      2800  -0.109213
      2900  -0.111248
      3000  -0.113838
