       300 0.000629543
       400 0.00321534
       500 0.00552984
       600 0.00758828
       700 0.00940589
       800  0.0109979
       900  0.0123796
      1000  0.0135661
      1100  0.0145728
      1200  0.0154148
      1300  0.0161075
      1400  0.0166659
      1500  0.0171054
      1600  0.0174412
      1700  0.0176886
      1800  0.0178627
      1900  0.0179788
      2000  0.0180521
      2100   0.018098
      2200  0.0181315
      2300   0.018168
      2400  0.0182227
      2500  0.0183108
      2600  0.0184475
      2700  0.0186482
      2800   0.018928
      2900  0.0193021
      3000  0.0197859
