       300  0.0258349
       400  0.0458674
       500  0.0636939
       600  0.0794416
       700  0.0932379
       800    0.10521
       900   0.115485
      1000    0.12419
      1100   0.131453
      1200   0.137401
      1300   0.142161
      1400    0.14586
      1500   0.148626
      1600   0.150586
      1700   0.151867
      1800   0.152597
      1900   0.152902
      2000    0.15291
      2100   0.152748
      2200   0.152544
      2300   0.152425
      2400   0.152517
      2500   0.152949
      2600   0.153848
      2700    0.15534
      2800   0.157553
      2900   0.160615
      3000   0.164652
