       300 -0.0134458
       400 -0.0255216
       500 -0.0362757
       600 -0.0457842
       700  -0.054123
       800 -0.0613681
       900 -0.0675956
      1000 -0.0728814
      1100 -0.0773016
      1200 -0.0809323
      1300 -0.0838493
      1400 -0.0861287
      1500 -0.0878465
      1600 -0.0890788
      1700 -0.0899014
      1800 -0.0903906
      1900 -0.0906222
      2000 -0.0906722
      2100 -0.0906167
      2200 -0.0905317
      2300 -0.0904932
      2400 -0.0905772
      2500 -0.0908596
      2600 -0.0914167
      2700 -0.0923242
      2800 -0.0936583
      2900 -0.0954949
      3000 -0.0979101
