       300   0.288075
       400   0.324297
       500   0.356068
       600   0.383661
       700   0.407346
       800   0.427394
       900   0.444076
      1000   0.457665
      1100    0.46843
      1200   0.476643
      1300   0.482575
      1400   0.486497
      1500   0.488681
      1600   0.489397
      1700   0.488917
      1800   0.487512
      1900   0.485453
      2000   0.483011
      2100   0.480457
      2200   0.478063
      2300     0.4761
      2400   0.474838
      2500   0.474549
      2600   0.475504
      2700   0.477974
      2800   0.482231
      2900   0.488545
      3000   0.497188
