       300  0.0579841
       400   0.074955
       500  0.0899622
       600   0.103122
       700   0.114549
       800   0.124361
       900   0.132673
      1000   0.139601
      1100   0.145261
      1200    0.14977
      1300   0.153242
      1400   0.155795
      1500   0.157543
      1600   0.158604
      1700   0.159093
      1800   0.159125
      1900   0.158818
      2000   0.158287
      2100   0.157648
      2200   0.157016
      2300   0.156509
      2400   0.156241
      2500    0.15633
      2600    0.15689
      2700   0.158038
      2800    0.15989
      2900   0.162562
      3000    0.16617
