       300   0.152853
       400   0.171731
       500   0.188286
       600   0.202661
       700   0.214995
       800   0.225432
       900   0.234113
      1000    0.24118
      1100   0.246773
      1200   0.251036
      1300   0.254109
      1400   0.256134
      1500   0.257252
      1600   0.257606
      1700   0.257337
      1800   0.256587
      1900   0.255497
      2000   0.254209
      2100   0.252865
      2200   0.251606
      2300   0.250574
      2400    0.24991
      2500   0.249756
      2600   0.250254
      2700   0.251546
      2800   0.253773
      2900   0.257076
      3000   0.261598
