       300   0.112478
       400   0.138883
       500   0.162191
       600   0.182584
       700   0.200247
       800   0.215365
       900   0.228122
      1000   0.238702
      1100   0.247288
      1200   0.254066
      1300    0.25922
      1400   0.262933
      1500   0.265391
      1600   0.266776
      1700   0.267274
      1800   0.267068
      1900   0.266343
      2000   0.265283
      2100   0.264072
      2200   0.262895
      2300   0.261935
      2400   0.261377
      2500   0.261405
      2600   0.262203
      2700   0.263956
      2800   0.266847
      2900   0.271061
      3000   0.276782
