       300   0.124018
       400   0.131816
       500     0.1386
       600   0.144432
       700   0.149378
       800   0.153501
       900   0.156864
      1000   0.159533
      1100   0.161571
      1200   0.163042
      1300    0.16401
      1400    0.16454
      1500   0.164694
      1600   0.164538
      1700   0.164135
      1800   0.163549
      1900   0.162844
      2000   0.162085
      2100   0.161334
      2200   0.160658
      2300   0.160118
      2400    0.15978
      2500   0.159707
      2600   0.159964
      2700   0.160614
      2800   0.161721
      2900    0.16335
      3000   0.165564
