       300 -0.0179878
       400 -0.0194938
       500 -0.0208083
       600 -0.0219434
       700 -0.0229107
       800 -0.0237224
       900 -0.0243903
      1000 -0.0249262
      1100 -0.0253421
      1200 -0.0256499
      1300 -0.0258614
      1400 -0.0259887
      1500 -0.0260435
      1600 -0.0260378
      1700 -0.0259835
      1800 -0.0258924
      1900 -0.0257766
      2000 -0.0256478
      2100  -0.025518
      2200  -0.025399
      2300 -0.0253029
      2400 -0.0252414
      2500 -0.0252265
      2600 -0.0252701
      2700 -0.0253841
      2800 -0.0255803
      2900 -0.0258708
      3000 -0.0262673
