       300 0.00396679
       400 0.00476771
       500  0.0054737
       600 0.00609042
       700 0.00662356
       800 0.00707879
       900 0.00746177
      1000 0.00777819
      1100 0.00803372
      1200 0.00823402
      1300 0.00838478
      1400 0.00849167
      1500 0.00856035
      1600 0.00859651
      1700 0.00860581
      1800 0.00859393
      1900 0.00856654
      2000 0.00852932
      2100 0.00848794
      2200 0.00844807
      2300 0.00841539
      2400 0.00839556
      2500 0.00839427
      2600 0.00841718
      2700 0.00846997
      2800 0.00855831
      2900 0.00868788
      3000 0.00886435
