       300 -0.0476995
       400 -0.0532442
       500 -0.0581033
       600 -0.0623188
       700 -0.0659324
       800 -0.0689863
       900 -0.0715223
      1000 -0.0735823
      1100 -0.0752082
      1200 -0.0764421
      1300 -0.0773258
      1400 -0.0779013
      1500 -0.0782104
      1600 -0.0782952
      1700 -0.0781975
      1800 -0.0779593
      1900 -0.0776225
      2000 -0.0772291
      2100 -0.0768209
      2200 -0.0764399
      2300  -0.076128
      2400 -0.0759272
      2500 -0.0758794
      2600 -0.0760266
      2700 -0.0764105
      2800 -0.0770733
      2900 -0.0780567
      3000 -0.0794028
