       300   0.111929
       400   0.124196
       500   0.134939
       600   0.144251
       700   0.152226
       800   0.158957
       900   0.164538
      1000   0.169062
      1100   0.172622
      1200   0.175313
      1300   0.177227
      1400   0.178458
      1500     0.1791
      1600   0.179246
      1700    0.17899
      1800   0.178424
      1900   0.177643
      2000    0.17674
      2100   0.175809
      2200   0.174942
      2300   0.174234
      2400   0.173778
      2500   0.173667
      2600   0.173996
      2700   0.174856
      2800   0.176343
      2900   0.178549
      3000   0.181568
