       300  0.0145188
       400  0.0153352
       500  0.0160444
       600  0.0166532
       700  0.0171684
       800  0.0175968
       900  0.0179452
      1000  0.0182204
      1100  0.0184292
      1200  0.0185784
      1300  0.0186747
      1400   0.018725
      1500  0.0187362
      1600  0.0187149
      1700  0.0186679
      1800  0.0186022
      1900  0.0185244
      2000  0.0184414
      2100    0.01836
      2200  0.0182869
      2300   0.018229
      2400   0.018193
      2500  0.0181858
      2600  0.0182142
      2700  0.0182849
      2800  0.0184047
      2900  0.0185806
      3000  0.0188191
