       300  0.0252657
       400  0.0294049
       500  0.0330461
       600  0.0362191
       700  0.0389541
       800   0.041281
       900  0.0432297
      1000  0.0448304
      1100   0.046113
      1200  0.0471076
      1300   0.047844
      1400  0.0483524
      1500  0.0486627
      1600   0.048805
      1700  0.0488092
      1800  0.0487053
      1900  0.0485234
      2000  0.0482934
      2100  0.0480453
      2200  0.0478092
      2300  0.0476151
      2400  0.0474929
      2500  0.0474727
      2600  0.0475844
      2700  0.0478581
      2800  0.0483238
      2900  0.0490114
      3000   0.049951
