       300 -0.0121335
       400 -0.0131494
       500 -0.0140361
       600 -0.0148017
       700 -0.0154542
       800 -0.0160017
       900 -0.0164522
      1000 -0.0168137
      1100 -0.0170943
      1200 -0.0173019
      1300 -0.0174446
      1400 -0.0175304
      1500 -0.0175674
      1600 -0.0175636
      1700 -0.0175269
      1800 -0.0174655
      1900 -0.0173873
      2000 -0.0173005
      2100 -0.0172129
      2200 -0.0171327
      2300 -0.0170678
      2400 -0.0170264
      2500 -0.0170163
      2600 -0.0170457
      2700 -0.0171226
      2800  -0.017255
      2900 -0.0174509
      3000 -0.0177183
