       300  0.0341129
       400  0.0539078
       500  0.0714942
       600  0.0870003
       700   0.100554
       800   0.112285
       900    0.12232
      1000   0.130787
      1100   0.137815
      1200   0.143533
      1300   0.148067
      1400   0.151548
      1500   0.154102
      1600   0.155858
      1700   0.156944
      1800   0.157489
      1900   0.157621
      2000   0.157467
      2100   0.157157
      2200   0.156818
      2300   0.156579
      2400   0.156567
      2500   0.156912
      2600   0.157741
      2700   0.159182
      2800   0.161365
      2900   0.164416
      3000   0.168464
