       300  0.0358373
       400  0.0412118
       500  0.0459351
       600  0.0500466
       700  0.0535858
       800   0.056592
       900  0.0591045
      1000  0.0611627
      1100   0.062806
      1200  0.0640737
      1300  0.0650052
      1400  0.0656399
      1500  0.0660171
      1600  0.0661761
      1700  0.0661565
      1800  0.0659974
      1900  0.0657383
      2000  0.0654186
      2100  0.0650775
      2200  0.0647545
      2300   0.064489
      2400  0.0643202
      2500  0.0642876
      2600  0.0644305
      2700  0.0647883
      2800  0.0654003
      2900   0.066306
      3000  0.0675446
