       300 -0.0203786
       400 -0.0278563
       500 -0.0344799
       600 -0.0402996
       700 -0.0453656
       800 -0.0497279
       900 -0.0534368
      1000 -0.0565423
      1100 -0.0590945
      1200 -0.0611436
      1300 -0.0627398
      1400 -0.0639332
      1500 -0.0647738
      1600 -0.0653119
      1700 -0.0655976
      1800 -0.0656809
      1900 -0.0656121
      2000 -0.0654413
      2100 -0.0652186
      2200 -0.0649941
      2300  -0.064818
      2400 -0.0647404
      2500 -0.0648115
      2600 -0.0650813
      2700 -0.0656001
      2800 -0.0664179
      2900 -0.0675848
      3000 -0.0691511
