       300   0.162679
       400   0.172108
       500   0.180302
       600   0.187339
       700   0.193297
       800   0.198254
       900    0.20229
      1000   0.205481
      1100   0.207906
      1200   0.209644
      1300   0.210772
      1400   0.211369
      1500   0.211513
      1600   0.211282
      1700   0.210755
      1800   0.210009
      1900   0.209123
      2000   0.208175
      2100   0.207244
      2200   0.206407
      2300   0.205742
      2400   0.205328
      2500   0.205244
      2600   0.205567
      2700   0.206375
      2800   0.207747
      2900   0.209761
      3000   0.212495
