       300  0.0419967
       400  0.0490507
       500  0.0552575
       600  0.0606679
       700  0.0653331
       800  0.0693039
       900  0.0726314
      1000  0.0753666
      1100  0.0775604
      1200  0.0792638
      1300  0.0805278
      1400  0.0814035
      1500  0.0819417
      1600  0.0821934
      1700  0.0822097
      1800  0.0820415
      1900  0.0817399
      2000  0.0813557
      2100    0.08094
      2200  0.0805437
      2300  0.0802179
      2400  0.0800136
      2500  0.0799816
      2600  0.0801731
      2700  0.0806389
      2800  0.0814301
      2900  0.0825976
      3000  0.0841924
