       300  0.0376518
       400   0.043976
       500  0.0495406
       600  0.0543913
       700  0.0585738
       800  0.0621338
       900   0.065117
      1000  0.0675692
      1100   0.069536
      1200  0.0710632
      1300  0.0721965
      1400  0.0729815
      1500   0.073464
      1600  0.0736897
      1700  0.0737043
      1800  0.0735536
      1900  0.0732831
      2000  0.0729387
      2100   0.072566
      2200  0.0722107
      2300  0.0719186
      2400  0.0717354
      2500  0.0717068
      2600  0.0718784
      2700   0.072296
      2800  0.0730054
      2900  0.0740521
      3000  0.0754819
