       300   0.197794
       400   0.219592
       500   0.238683
       600   0.255232
       700   0.269406
       800   0.281371
       900   0.291293
      1000   0.299337
      1100    0.30567
      1200   0.310457
      1300   0.313865
      1400    0.31606
      1500   0.317208
      1600   0.317474
      1700   0.317025
      1800   0.316027
      1900   0.314645
      2000   0.313046
      2100   0.311395
      2200   0.309859
      2300   0.308604
      2400   0.307796
      2500     0.3076
      2600   0.308183
      2700    0.30971
      2800   0.312348
      2900   0.316263
      3000   0.321621
