       300   0.108116
       400   0.132946
       500   0.154858
       600   0.174027
       700   0.190625
       800   0.204826
       900   0.216804
      1000   0.226733
      1100   0.234786
      1200   0.241136
      1300   0.245958
      1400   0.249425
      1500   0.251709
      1600   0.252986
      1700   0.253429
      1800    0.25321
      1900   0.252505
      2000   0.251485
      2100   0.250326
      2200     0.2492
      2300   0.248281
      2400   0.247743
      2500    0.24776
      2600   0.248504
      2700    0.25015
      2800    0.25287
      2900    0.25684
      3000   0.262231
