       300   0.152662
       400   0.171516
       500    0.18805
       600   0.202407
       700   0.214726
       800    0.22515
       900    0.23382
      1000   0.240878
      1100   0.246464
      1200   0.250721
      1300    0.25379
      1400   0.255813
      1500    0.25693
      1600   0.257284
      1700   0.257015
      1800   0.256266
      1900   0.255177
      2000   0.253891
      2100   0.252548
      2200   0.251291
      2300    0.25026
      2400   0.249597
      2500   0.249443
      2600   0.249941
      2700   0.251231
      2800   0.253455
      2900   0.256754
      3000    0.26127
