       300 0.00535891
       400  0.0066813
       500 0.00784904
       600  0.0088713
       700 0.00975728
       800  0.0105161
       900  0.0111571
      1000  0.0116893
      1100  0.0121219
      1200  0.0124641
      1300  0.0127251
      1400  0.0129141
      1500  0.0130402
      1600  0.0131127
      1700  0.0131407
      1800  0.0131334
      1900  0.0130999
      2000  0.0130496
      2100  0.0129914
      2200  0.0129347
      2300  0.0128886
      2400  0.0128622
      2500  0.0128649
      2600  0.0129056
      2700  0.0129937
      2800  0.0131383
      2900  0.0133486
      3000  0.0136337
