       300 -0.00160509
       400 -0.00234255
       500 -0.00299678
       600 -0.00357265
       700 -0.00407501
       800 -0.00450872
       900 -0.00487864
      1000 -0.00518962
      1100 -0.00544653
      1200 -0.00565422
      1300 -0.00581756
      1400 -0.0059414
      1500 -0.00603059
      1600   -0.00609
      1700 -0.00612449
      1800 -0.00613892
      1900 -0.00613813
      2000  -0.006127
      2100 -0.00611038
      2200 -0.00609313
      2300 -0.0060801
      2400 -0.00607616
      2500 -0.00608616
      2600 -0.00611497
      2700 -0.00616744
      2800 -0.00624842
      2900 -0.00636279
      3000 -0.00651539
