       300 -0.00433306
       400  0.0111806
       500   0.025136
       600  0.0376182
       700  0.0487124
       800  0.0585037
       900  0.0670771
      1000  0.0745178
      1100  0.0809108
      1200  0.0863413
      1300  0.0908944
      1400   0.094655
      1500  0.0977085
      1600    0.10014
      1700   0.102034
      1800   0.103476
      1900   0.104552
      2000   0.105345
      2100   0.105942
      2200   0.106428
      2300   0.106887
      2400   0.107404
      2500   0.108065
      2600   0.108956
      2700    0.11016
      2800   0.111763
      2900    0.11385
      3000   0.116506
