       300   0.161111
       400   0.181008
       500   0.198458
       600   0.213609
       700    0.22661
       800   0.237611
       900    0.24676
      1000   0.254209
      1100   0.260104
      1200   0.264597
      1300   0.267836
      1400    0.26997
      1500   0.271149
      1600   0.271523
      1700   0.271239
      1800   0.270448
      1900     0.2693
      2000   0.267942
      2100   0.266525
      2200   0.265198
      2300    0.26411
      2400    0.26341
      2500   0.263248
      2600   0.263773
      2700   0.265135
      2800   0.267482
      2900   0.270964
      3000    0.27573
