       300   0.144682
       400    0.16255
       500    0.17822
       600   0.191826
       700   0.203502
       800   0.213381
       900   0.221597
      1000   0.228286
      1100   0.233581
      1200   0.237615
      1300   0.240524
      1400   0.242441
      1500   0.243499
      1600   0.243835
      1700    0.24358
      1800    0.24287
      1900   0.241838
      2000   0.240619
      2100   0.239347
      2200   0.238155
      2300   0.237178
      2400   0.236549
      2500   0.236404
      2600   0.236876
      2700   0.238098
      2800   0.240206
      2900   0.243333
      3000   0.247613
