       300   -0.20211
       400  -0.215364
       500  -0.226899
       600  -0.236823
       700  -0.245244
       800   -0.25227
       900   -0.25801
      1000  -0.262572
      1100  -0.266064
      1200  -0.268594
      1300   -0.27027
      1400  -0.271202
      1500  -0.271496
      1600  -0.271261
      1700  -0.270605
      1800  -0.269637
      1900  -0.268465
      2000  -0.267196
      2100   -0.26594
      2200  -0.264804
      2300  -0.263896
      2400  -0.263325
      2500  -0.263199
      2600  -0.263627
      2700  -0.264715
      2800  -0.266574
      2900   -0.26931
      3000  -0.273032
