       300  0.0369561
       400  0.0382054
       500  0.0392849
       600  0.0402055
       700  0.0409782
       800  0.0416141
       900  0.0421242
      1000  0.0425194
      1100  0.0428108
      1200  0.0430093
      1300  0.0431261
      1400   0.043172
      1500  0.0431581
      1600  0.0430953
      1700  0.0429948
      1800  0.0428675
      1900  0.0427243
      2000  0.0425764
      2100  0.0424346
      2200  0.0423101
      2300  0.0422138
      2400  0.0421567
      2500  0.0421498
      2600  0.0422041
      2700  0.0423307
      2800  0.0425405
      2900  0.0428445
      3000  0.0432537
