       300  -0.110048
       400   -0.12097
       500  -0.130523
       600  -0.138792
       700  -0.145862
       800  -0.151816
       900  -0.156739
      1000  -0.160715
      1100  -0.163829
      1200  -0.166165
      1300  -0.167807
      1400   -0.16884
      1500  -0.169347
      1600  -0.169414
      1700  -0.169125
      1800  -0.168563
      1900  -0.167814
      2000  -0.166962
      2100   -0.16609
      2200  -0.165284
      2300  -0.164628
      2400  -0.164206
      2500  -0.164102
      2600  -0.164401
      2700  -0.165186
      2800  -0.166544
      2900  -0.168557
      3000   -0.17131
