       300  -0.107542
       400  -0.121885
       500  -0.134473
       600  -0.145415
       700  -0.154816
       800  -0.162783
       900  -0.169422
      1000  -0.174841
      1100  -0.179145
      1200  -0.182442
      1300  -0.184837
      1400  -0.186438
      1500  -0.187351
      1600  -0.187682
      1700  -0.187538
      1800  -0.187026
      1900  -0.186253
      2000  -0.185324
      2100  -0.184346
      2200  -0.183427
      2300  -0.182672
      2400  -0.182188
      2500  -0.182082
      2600   -0.18246
      2700  -0.183429
      2800  -0.185095
      2900  -0.187565
      3000  -0.190945
