       300  -0.096284
       400  -0.115975
       500  -0.133335
       600  -0.148501
       700  -0.161615
       800  -0.172814
       900  -0.182238
      1000  -0.190027
      1100   -0.19632
      1200  -0.201256
      1300  -0.204975
      1400  -0.207615
      1500  -0.209316
      1600  -0.210218
      1700  -0.210459
      1800  -0.210179
      1900  -0.209517
      2000  -0.208613
      2100  -0.207605
      2200  -0.206634
      2300  -0.205837
      2400  -0.205356
      2500  -0.205328
      2600  -0.205894
      2700  -0.207193
      2800  -0.209363
      2900  -0.212544
      3000  -0.216876
