       300  -0.143435
       400  -0.148551
       500  -0.152974
       600  -0.156748
       700  -0.159919
       800  -0.162531
       900  -0.164628
      1000  -0.166257
      1100  -0.167461
      1200  -0.168286
      1300  -0.168775
      1400  -0.168975
      1500   -0.16893
      1600  -0.168685
      1700  -0.168284
      1800  -0.167773
      1900  -0.167196
      2000  -0.166598
      2100  -0.166024
      2200  -0.165518
      2300  -0.165127
      2400  -0.164893
      2500  -0.164863
      2600  -0.165081
      2700  -0.165592
      2800  -0.166441
      2900  -0.167672
      3000   -0.16933
