       300  -0.177767
       400  -0.198333
       500  -0.216355
       600  -0.231988
       700  -0.245389
       800  -0.256712
       900  -0.266114
      1000   -0.27375
      1100  -0.279776
      1200  -0.284347
      1300  -0.287619
      1400  -0.289748
      1500  -0.290889
      1600  -0.291198
      1700   -0.29083
      1800  -0.289941
      1900  -0.288687
      2000  -0.287223
      2100  -0.285705
      2200  -0.284289
      2300   -0.28313
      2400  -0.282384
      2500  -0.282205
      2600  -0.282751
      2700  -0.284177
      2800  -0.286638
      2900   -0.29029
      3000  -0.295288
