       300  -0.151522
       400  -0.158682
       500  -0.164889
       600  -0.170205
       700  -0.174691
       800  -0.178406
       900  -0.181413
      1000  -0.183772
      1100  -0.185544
      1200  -0.186789
      1300  -0.187569
      1400  -0.187945
      1500  -0.187977
      1600  -0.187726
      1700  -0.187254
      1800   -0.18662
      1900  -0.185887
      2000  -0.185114
      2100  -0.184363
      2200  -0.183694
      2300  -0.183169
      2400  -0.182848
      2500  -0.182792
      2600  -0.183063
      2700   -0.18372
      2800  -0.184825
      2900  -0.186438
      3000  -0.188622
