       300   0.357888
       400   0.382779
       500   0.404456
       600   0.423122
       700   0.438978
       800   0.452226
       900   0.463067
      1000   0.471704
      1100   0.478337
      1200   0.483168
      1300   0.486399
      1400   0.488232
      1500   0.488868
      1600   0.488509
      1700   0.487356
      1800   0.485612
      1900   0.483477
      2000   0.481154
      2100   0.478845
      2200    0.47675
      2300   0.475071
      2400    0.47401
      2500   0.473769
      2600    0.47455
      2700   0.476554
      2800   0.479982
      2900   0.485036
      3000   0.491919
