       300  -0.201017
       400  -0.215465
       500  -0.228054
       600  -0.238899
       700  -0.248116
       800  -0.255824
       900  -0.262137
      1000  -0.267173
      1100  -0.271048
      1200  -0.273878
      1300  -0.275781
      1400  -0.276872
      1500  -0.277269
      1600  -0.277088
      1700  -0.276445
      1800  -0.275456
      1900  -0.274239
      2000  -0.272911
      2100  -0.271586
      2200  -0.270383
      2300  -0.269417
      2400  -0.268806
      2500  -0.268665
      2600  -0.269111
      2700  -0.270261
      2800  -0.272231
      2900  -0.275138
      3000  -0.279099
