       300  -0.123342
       400  -0.149908
       500  -0.173339
       600  -0.193821
       700  -0.211543
       800   -0.22669
       900  -0.239451
      1000  -0.250011
      1100  -0.258558
      1200  -0.265278
      1300  -0.270359
      1400  -0.273987
      1500   -0.27635
      1600  -0.277634
      1700  -0.278026
      1800  -0.277713
      1900  -0.276882
      2000   -0.27572
      2100  -0.274414
      2200  -0.273151
      2300  -0.272118
      2400  -0.271501
      2500  -0.271488
      2600  -0.272265
      2700   -0.27402
      2800  -0.276939
      2900   -0.28121
      3000  -0.287018
