       300  -0.201006
       400  -0.215454
       500  -0.228042
       600  -0.238886
       700  -0.248103
       800   -0.25581
       900  -0.262123
      1000  -0.267158
      1100  -0.271033
      1200  -0.273864
      1300  -0.275766
      1400  -0.276858
      1500  -0.277254
      1600  -0.277073
      1700   -0.27643
      1800  -0.275442
      1900  -0.274225
      2000  -0.272896
      2100  -0.271572
      2200  -0.270368
      2300  -0.269403
      2400  -0.268791
      2500   -0.26865
      2600  -0.269096
      2700  -0.270246
      2800  -0.272217
      2900  -0.275123
      3000  -0.279084
