       300  -0.175489
       400   -0.19483
       500  -0.211768
       600  -0.226451
       700  -0.239027
       800  -0.249642
       900  -0.258445
      1000  -0.265582
      1100  -0.271201
      1200  -0.275449
      1300  -0.278473
      1400   -0.28042
      1500  -0.281438
      1600  -0.281674
      1700  -0.281276
      1800   -0.28039
      1900  -0.279164
      2000  -0.277745
      2100  -0.276281
      2200  -0.274918
      2300  -0.273805
      2400  -0.273087
      2500  -0.272914
      2600  -0.273431
      2700  -0.274786
      2800  -0.277127
      2900    -0.2806
      3000  -0.285353
