       300 -0.0164179
       400 -0.0170456
       500 -0.0175886
       600 -0.0180523
       700 -0.0184422
       800 -0.0187639
       900 -0.0190227
      1000 -0.0192241
      1100 -0.0193736
      1200 -0.0194766
      1300 -0.0195387
      1400 -0.0195651
      1500 -0.0195615
      1600 -0.0195333
      1700  -0.019486
      1800 -0.0194249
      1900 -0.0193556
      2000 -0.0192836
      2100 -0.0192142
      2200  -0.019153
      2300 -0.0191054
      2400 -0.0190769
      2500 -0.0190729
      2600 -0.0190989
      2700 -0.0191603
      2800 -0.0192627
      2900 -0.0194115
      3000 -0.0196121
