       300 -0.0670652
       400  -0.073019
       500 -0.0782197
       600 -0.0827141
       700 -0.0865487
       800 -0.0897704
       900 -0.0924257
      1000 -0.0945613
      1100 -0.0962239
      1200 -0.0974602
      1300 -0.0983169
      1400 -0.0988406
      1500  -0.099078
      1600 -0.0990757
      1700 -0.0988805
      1800 -0.0985391
      1900  -0.098098
      2000  -0.097604
      2100 -0.0971038
      2200  -0.096644
      2300 -0.0962712
      2400 -0.0960323
      2500 -0.0959738
      2600 -0.0961424
      2700 -0.0965848
      2800 -0.0973477
      2900 -0.0984777
      3000  -0.100022
