       300  0.0166381
       400  0.0174596
       500  0.0181721
       600  0.0187827
       700  0.0192983
       800  0.0197258
       900  0.0200721
      1000  0.0203443
      1100  0.0205493
      1200  0.0206939
      1300  0.0207853
      1400  0.0208302
      1500  0.0208357
      1600  0.0208088
      1700  0.0207563
      1800  0.0206852
      1900  0.0206025
      2000  0.0205151
      2100  0.0204299
      2200   0.020354
      2300  0.0202942
      2400  0.0202575
      2500  0.0202509
      2600  0.0202812
      2700  0.0203556
      2800  0.0204808
      2900  0.0206639
      3000  0.0209118
