       300 -0.00562659
       400 -0.00780789
       500 -0.0097408
       600 -0.0114399
       700 -0.0129197
       800 -0.0141949
       900 -0.0152799
      1000 -0.0161893
      1100 -0.0169377
      1200 -0.0175396
      1300 -0.0180097
      1400 -0.0183624
      1500 -0.0186123
      1600  -0.018774
      1700 -0.0188621
      1800  -0.018891
      1900 -0.0188755
      2000 -0.0188299
      2100 -0.0187689
      2200 -0.0187071
      2300  -0.018659
      2400 -0.0186391
      2500  -0.018662
      2600 -0.0187424
      2700 -0.0188946
      2800 -0.0191334
      2900 -0.0194733
      3000 -0.0199287
