       300 2.14906e-05
       400 2.28748e-05
       500 2.40791e-05
       600 2.5115e-05
       700 2.59937e-05
       800 2.67266e-05
       900 2.73249e-05
      1000 2.78002e-05
      1100 2.81636e-05
      1200 2.84264e-05
      1300 2.86001e-05
      1400 2.86959e-05
      1500 2.87252e-05
      1600 2.86993e-05
      1700 2.86295e-05
      1800 2.85272e-05
      1900 2.84036e-05
      2000 2.82701e-05
      2100 2.81381e-05
      2200 2.80188e-05
      2300 2.79236e-05
      2400 2.78638e-05
      2500 2.78508e-05
      2600 2.78958e-05
      2700 2.80102e-05
      2800 2.82053e-05
      2900 2.84925e-05
      3000 2.8883e-05
