       300 0.00560996
       400 0.00637097
       500 0.00703905
       600 0.00761984
       700   0.008119
       800 0.00854216
       900 0.00889496
      1000 0.00918305
      1100 0.00941207
      1200 0.00958767
      1300 0.00971547
      1400 0.00980114
      1500  0.0098503
      1600 0.00986861
      1700  0.0098617
      1800 0.00983521
      1900  0.0097948
      2000  0.0097461
      2100 0.00969475
      2200  0.0096464
      2300 0.00960669
      2400 0.00958126
      2500 0.00957576
      2600 0.00959583
      2700  0.0096471
      2800 0.00973523
      2900 0.00986585
      3000  0.0100446
