       300 -0.0652694
       400 -0.0756837
       500 -0.0848422
       600 -0.0928208
       700 -0.0996951
       800  -0.105541
       900  -0.110434
      1000   -0.11445
      1100  -0.117664
      1200  -0.120153
      1300  -0.121991
      1400  -0.123256
      1500  -0.124022
      1600  -0.124365
      1700  -0.124361
      1800  -0.124086
      1900  -0.123615
      2000  -0.123024
      2100  -0.122389
      2200  -0.121786
      2300  -0.121289
      2400  -0.120976
      2500  -0.120921
      2600  -0.121201
      2700  -0.121891
      2800  -0.123066
      2900  -0.124803
      3000  -0.127178
