       300 -0.0695748
       400  -0.076347
       500 -0.0822692
       600  -0.087394
       700 -0.0917737
       800 -0.0954608
       900 -0.0985077
      1000  -0.100967
      1100  -0.102891
      1200  -0.104332
      1300  -0.105342
      1400  -0.105975
      1500  -0.106282
      1600  -0.106316
      1700  -0.106129
      1800  -0.105774
      1900  -0.105303
      2000  -0.104768
      2100  -0.104223
      2200  -0.103719
      2300  -0.103309
      2400  -0.103045
      2500   -0.10298
      2600  -0.103166
      2700  -0.103656
      2800  -0.104502
      2900  -0.105757
      3000  -0.107472
