       300 -0.0337159
       400 -0.0360876
       500 -0.0381534
       600 -0.0399325
       700 -0.0414441
       800 -0.0427074
       900 -0.0437416
      1000 -0.0445657
      1100 -0.0451991
      1200  -0.045661
      1300 -0.0459704
      1400 -0.0461466
      1500 -0.0462087
      1600  -0.046176
      1700 -0.0460677
      1800 -0.0459028
      1900 -0.0457007
      2000 -0.0454805
      2100 -0.0452613
      2200 -0.0450624
      2300 -0.0449029
      2400 -0.0448021
      2500 -0.0447791
      2600 -0.0448531
      2700 -0.0450432
      2800 -0.0453688
      2900 -0.0458489
      3000 -0.0465027
