       300 -0.0398633
       400 -0.0426675
       500   -0.04511
       600 -0.0472135
       700 -0.0490007
       800 -0.0504943
       900  -0.051717
      1000 -0.0526915
      1100 -0.0534404
      1200 -0.0539864
      1300 -0.0543522
      1400 -0.0545605
      1500  -0.054634
      1600 -0.0545954
      1700 -0.0544673
      1800 -0.0542724
      1900 -0.0540334
      2000  -0.053773
      2100 -0.0535139
      2200 -0.0532787
      2300 -0.0530901
      2400 -0.0529709
      2500 -0.0529437
      2600 -0.0530312
      2700  -0.053256
      2800 -0.0536409
      2900 -0.0542085
      3000 -0.0549816
