       300   0.108576
       400   0.114295
       500    0.11926
       600   0.123518
       700   0.127117
       800   0.130106
       900   0.132532
      1000   0.134443
      1100   0.135887
      1200   0.136913
      1300   0.137568
      1400   0.137901
      1500   0.137958
      1600    0.13779
      1700   0.137442
      1800   0.136964
      1900   0.136403
      2000   0.135808
      2100   0.135226
      2200   0.134706
      2300   0.134294
      2400   0.134041
      2500   0.133992
      2600   0.134197
      2700   0.134704
      2800    0.13556
      2900   0.136813
      3000   0.138512
