       300   0.121234
       400    0.12762
       500   0.133164
       600   0.137918
       700   0.141937
       800   0.145274
       900   0.147982
      1000   0.150116
      1100   0.151729
      1200   0.152875
      1300   0.153606
      1400   0.153977
      1500   0.154042
      1600   0.153854
      1700   0.153466
      1800   0.152932
      1900   0.152306
      2000   0.151641
      2100   0.150991
      2200    0.15041
      2300   0.149951
      2400   0.149667
      2500   0.149613
      2600   0.149842
      2700   0.150408
      2800   0.151364
      2900   0.152763
      3000    0.15466
