       300 -1.0433e-05
       400 -4.44089e-05
       500 -7.48056e-05
       600 -0.000101825
       700 -0.000125668
       800 -0.000146536
       900 -0.000164631
      1000 -0.000180154
      1100 -0.000193307
      1200 -0.000204291
      1300 -0.000213308
      1400 -0.00022056
      1500 -0.000226247
      1600 -0.000230571
      1700 -0.000233735
      1800 -0.000235938
      1900 -0.000237383
      2000 -0.000238272
      2100 -0.000238805
      2200 -0.000239184
      2300 -0.000239612
      2400 -0.000240288
      2500 -0.000241415
      2600 -0.000243194
      2700 -0.000245827
      2800 -0.000249516
      2900 -0.000254461
      3000 -0.000260864
