       300   0.044599
       400  0.0618898
       500  0.0772118
       600  0.0906804
       700   0.102411
       800   0.112519
       900   0.121119
      1000   0.128328
      1100   0.134261
      1200   0.139032
      1300   0.142758
      1400   0.145554
      1500   0.147536
      1600   0.148817
      1700   0.149516
      1800   0.149745
      1900   0.149622
      2000    0.14926
      2100   0.148777
      2200   0.148287
      2300   0.147905
      2400   0.147748
      2500    0.14793
      2600   0.148567
      2700   0.149774
      2800   0.151667
      2900    0.15436
      3000   0.157971
