       300  0.0366142
       400  0.0427641
       500  0.0481753
       600  0.0528923
       700  0.0569596
       800  0.0604215
       900  0.0633225
      1000  0.0657071
      1100  0.0676198
      1200  0.0691049
      1300  0.0702069
      1400  0.0709703
      1500  0.0714395
      1600   0.071659
      1700  0.0716732
      1800  0.0715266
      1900  0.0712636
      2000  0.0709286
      2100  0.0705662
      2200  0.0702207
      2300  0.0699367
      2400  0.0697585
      2500  0.0697307
      2600  0.0698976
      2700  0.0703037
      2800  0.0709935
      2900  0.0720114
      3000  0.0734018
