       300 0.000250308
       400 0.00106545
       500 0.00179473
       600 0.00244296
       700   0.003015
       800 0.00351566
       900  0.0039498
      1000 0.00432223
      1100 0.00463779
      1200 0.00490133
      1300 0.00511767
      1400 0.00529164
      1500 0.00542809
      1600 0.00553184
      1700 0.00560773
      1800  0.0056606
      1900 0.00569527
      2000 0.00571658
      2100 0.00572938
      2200 0.00573848
      2300 0.00574873
      2400 0.00576496
      2500   0.005792
      2600 0.00583469
      2700 0.00589786
      2800 0.00598635
      2900 0.00610499
      3000 0.00625861
