       300    0.11023
       400   0.135546
       500   0.157886
       600    0.17743
       700   0.194352
       800   0.208832
       900   0.221044
      1000   0.231167
      1100   0.239377
      1200   0.245852
      1300   0.250768
      1400   0.254302
      1500   0.256632
      1600   0.257933
      1700   0.258384
      1800   0.258162
      1900   0.257442
      2000   0.256403
      2100   0.255221
      2200   0.254073
      2300   0.253137
      2400   0.252588
      2500   0.252605
      2600   0.253363
      2700   0.255041
      2800   0.257815
      2900   0.261862
      3000   0.267359
