       300 -0.00491126
       400  0.0126725
       500    0.02849
       600  0.0426379
       700  0.0552125
       800  0.0663103
       900  0.0760277
      1000  0.0844613
      1100  0.0917074
      1200  0.0978625
      1300   0.103023
      1400   0.107286
      1500   0.110746
      1600   0.113502
      1700   0.115649
      1800   0.117284
      1900   0.118503
      2000   0.119402
      2100   0.120079
      2200   0.120629
      2300   0.121149
      2400   0.121736
      2500   0.122485
      2600   0.123494
      2700   0.124859
      2800   0.126676
      2900   0.129042
      3000   0.132053
