       300   0.155831
       400   0.175077
       500   0.191955
       600   0.206609
       700   0.219184
       800   0.229825
       900   0.238675
      1000   0.245879
      1100   0.251582
      1200   0.255927
      1300    0.25906
      1400   0.261124
      1500   0.262265
      1600   0.262626
      1700   0.262352
      1800   0.261587
      1900   0.260476
      2000   0.259162
      2100   0.257792
      2200   0.256508
      2300   0.255456
      2400   0.254779
      2500   0.254623
      2600    0.25513
      2700   0.256447
      2800   0.258717
      2900   0.262085
      3000   0.266695
