       300   0.393487
       400   0.416919
       500   0.437287
       600   0.454786
       700    0.46961
       800   0.481952
       900   0.492006
      1000   0.499965
      1100   0.506024
      1200   0.510375
      1300   0.513214
      1400   0.514732
      1500   0.515125
      1600   0.514586
      1700   0.513308
      1800   0.511485
      1900   0.509311
      2000    0.50698
      2100   0.504685
      2200   0.502619
      2300   0.500978
      2400   0.499954
      2500   0.499741
      2600   0.500532
      2700   0.502522
      2800   0.505904
      2900   0.510872
      3000   0.517619
