       300 3.32888e-05
       400  0.0151814
       500  0.0287677
       600  0.0408792
       700  0.0516025
       800  0.0610243
       900  0.0692315
      1000  0.0763108
      1100   0.082349
      1200  0.0874327
      1300  0.0916488
      1400   0.095084
      1500  0.0978251
      1600  0.0999589
      1700   0.101572
      1800   0.102751
      1900   0.103583
      2000   0.104155
      2100   0.104553
      2200   0.104865
      2300   0.105176
      2400   0.105574
      2500   0.106145
      2600   0.106977
      2700   0.108155
      2800   0.109767
      2900     0.1119
      3000    0.11464
