       300 0.00791796
       400 0.00987183
       500  0.0115972
       600  0.0131076
       700  0.0144167
       800  0.0155379
       900  0.0164849
      1000  0.0172712
      1100  0.0179104
      1200  0.0184161
      1300  0.0188017
      1400   0.019081
      1500  0.0192673
      1600  0.0193744
      1700  0.0194158
      1800   0.019405
      1900  0.0193556
      2000  0.0192811
      2100  0.0191952
      2200  0.0191114
      2300  0.0190433
      2400  0.0190044
      2500  0.0190082
      2600  0.0190685
      2700  0.0191986
      2800  0.0194122
      2900  0.0197229
      3000  0.0201442
