       300 0.000878102
       400  0.0124836
       500  0.0228857
       600  0.0321516
       700  0.0403484
       800   0.047543
       900  0.0538027
      1000  0.0591945
      1100  0.0637854
      1200  0.0676427
      1300  0.0708334
      1400  0.0734245
      1500  0.0754832
      1600  0.0770765
      1700  0.0782716
      1800  0.0791355
      1900  0.0797354
      2000  0.0801383
      2100  0.0804112
      2200  0.0806214
      2300  0.0808359
      2400  0.0811217
      2500  0.0815461
      2600   0.082176
      2700  0.0830785
      2800  0.0843208
      2900  0.0859699
      3000   0.088093
