       300   0.149515
       400   0.167981
       500   0.184175
       600   0.198235
       700     0.2103
       800    0.22051
       900   0.229001
      1000   0.235913
      1100   0.241384
      1200   0.245554
      1300    0.24856
      1400    0.25054
      1500   0.251635
      1600   0.251981
      1700   0.251718
      1800   0.250984
      1900   0.249918
      2000   0.248658
      2100   0.247343
      2200   0.246111
      2300   0.245102
      2400   0.244452
      2500   0.244302
      2600    0.24479
      2700   0.246053
      2800   0.248231
      2900   0.251462
      3000   0.255886
