       300  0.0408771
       400  0.0483988
       500  0.0550231
       600  0.0608037
       700  0.0657946
       800  0.0700495
       900  0.0736222
      1000  0.0765666
      1100  0.0789363
      1200  0.0807854
      1300  0.0821675
      1400  0.0831365
      1500  0.0837462
      1600  0.0840505
      1700   0.084103
      1800  0.0839577
      1900  0.0836683
      2000  0.0832887
      2100  0.0828726
      2200   0.082474
      2300  0.0821465
      2400   0.081944
      2500  0.0819204
      2600  0.0821294
      2700  0.0826248
      2800  0.0834605
      2900  0.0846903
      3000  0.0863679
