       300   0.158058
       400   0.177579
       500   0.194698
       600   0.209561
       700   0.222316
       800   0.233108
       900   0.242085
      1000   0.249392
      1100   0.255176
      1200   0.259584
      1300   0.262761
      1400   0.264855
      1500   0.266012
      1600   0.266378
      1700     0.2661
      1800   0.265324
      1900   0.264197
      2000   0.262865
      2100   0.261475
      2200   0.260173
      2300   0.259106
      2400   0.258419
      2500    0.25826
      2600   0.258776
      2700   0.260111
      2800   0.262414
      2900    0.26583
      3000   0.270506
