       300 0.00613881
       400 0.00749065
       500  0.0086832
       600 0.00972596
       700  0.0106284
       800  0.0114001
       900  0.0120504
      1000  0.0125889
      1100   0.013025
      1200  0.0133683
      1300  0.0136282
      1400  0.0138143
      1500   0.013936
      1600  0.0140027
      1700  0.0140241
      1800  0.0140096
      1900  0.0139687
      2000  0.0139108
      2100  0.0138455
      2200  0.0137823
      2300  0.0137306
      2400  0.0136999
      2500  0.0136998
      2600  0.0137397
      2700  0.0138291
      2800  0.0139774
      2900  0.0141943
      3000  0.0144892
