       300 -0.00144131
       400 -0.00229177
       500 -0.00304742
       600 -0.00371375
       700 -0.00429629
       800 -0.00480052
       900 -0.00523196
      1000 -0.0055961
      1100 -0.00589845
      1200 -0.0061445
      1300 -0.00633977
      1400 -0.00648976
      1500 -0.00659996
      1600 -0.00667588
      1700 -0.00672303
      1800 -0.0067469
      1900  -0.006753
      2000 -0.00674683
      2100 -0.00673389
      2200 -0.00671969
      2300 -0.00670973
      2400 -0.00670951
      2500 -0.00672454
      2600 -0.00676031
      2700 -0.00682234
      2800 -0.00691611
      2900 -0.00704714
      3000 -0.00722093
