       300 -0.00445958
       400   0.011507
       500  0.0258699
       600  0.0387166
       700  0.0501347
       800  0.0602119
       900  0.0690357
      1000  0.0766936
      1100  0.0832733
      1200  0.0888623
      1300  0.0935483
      1400  0.0974188
      1500   0.100561
      1600   0.103064
      1700   0.105013
      1800   0.106498
      1900   0.107604
      2000   0.108421
      2100   0.109036
      2200   0.109535
      2300   0.110007
      2400    0.11054
      2500   0.111221
      2600   0.112137
      2700   0.113376
      2800   0.115026
      2900   0.117174
      3000   0.119908
