       300  0.0386773
       400  0.0451737
       500  0.0508899
       600  0.0558727
       700  0.0601691
       800  0.0638261
       900  0.0668906
      1000  0.0694096
      1100    0.07143
      1200  0.0729987
      1300  0.0741629
      1400  0.0749693
      1500  0.0754649
      1600  0.0756968
      1700  0.0757118
      1800  0.0755569
      1900  0.0752791
      2000  0.0749253
      2100  0.0745424
      2200  0.0741775
      2300  0.0738775
      2400  0.0736892
      2500  0.0736598
      2600  0.0738361
      2700  0.0742651
      2800  0.0749938
      2900   0.076069
      3000  0.0775378
