       300  0.0228484
       400  0.0349743
       500  0.0457415
       600  0.0552291
       700  0.0635161
       800  0.0706817
       900  0.0768047
      1000  0.0819643
      1100  0.0862395
      1200  0.0897094
      1300   0.092453
      1400  0.0945494
      1500  0.0960776
      1600  0.0971166
      1700  0.0977456
      1800  0.0980435
      1900  0.0980894
      2000  0.0979623
      2100  0.0977414
      2200  0.0975056
      2300   0.097334
      2400  0.0973056
      2500  0.0974995
      2600  0.0979947
      2700  0.0988703
      2800   0.100205
      2900   0.102079
      3000    0.10457
