       300   0.110343
       400   0.136247
       500   0.159112
       600   0.179118
       700   0.196447
       800   0.211278
       900   0.223792
      1000   0.234171
      1100   0.242595
      1200   0.249244
      1300     0.2543
      1400   0.257943
      1500   0.260353
      1600   0.261712
      1700   0.262201
      1800   0.261999
      1900   0.261288
      2000   0.260248
      2100    0.25906
      2200   0.257905
      2300   0.256963
      2400   0.256416
      2500   0.256443
      2600   0.257226
      2700   0.258946
      2800   0.261782
      2900   0.265916
      3000   0.271528
