       300  -0.184654
       400  -0.198179
       500  -0.209965
       600  -0.220122
       700  -0.228758
       800  -0.235982
       900  -0.241902
      1000  -0.246628
      1100  -0.250269
      1200  -0.252932
      1300  -0.254728
      1400  -0.255765
      1500  -0.256151
      1600  -0.255996
      1700  -0.255407
      1800  -0.254495
      1900  -0.253368
      2000  -0.252135
      2100  -0.250904
      2200  -0.249785
      2300  -0.248886
      2400  -0.248315
      2500  -0.248183
      2600  -0.248597
      2700  -0.249667
      2800    -0.2515
      2900  -0.254207
      3000  -0.257896
