       300 -0.0813702
       400    -0.1004
       500  -0.117196
       600  -0.131892
       700   -0.14462
       800  -0.155513
       900  -0.164704
      1000  -0.172326
      1100  -0.178511
      1200  -0.183393
      1300  -0.187103
      1400  -0.189776
      1500  -0.191544
      1600  -0.192539
      1700  -0.192894
      1800  -0.192742
      1900  -0.192217
      2000   -0.19145
      2100  -0.190575
      2200  -0.189723
      2300   -0.18903
      2400  -0.188626
      2500  -0.188644
      2600  -0.189219
      2700  -0.190481
      2800  -0.192565
      2900  -0.195603
      3000  -0.199728
