       300  -0.106864
       400  -0.133253
       500  -0.156556
       600  -0.176956
       700  -0.194636
       800   -0.20978
       900  -0.222571
      1000  -0.233191
      1100  -0.241825
      1200  -0.248655
      1300  -0.253864
      1400  -0.257636
      1500  -0.260155
      1600  -0.261602
      1700  -0.262161
      1800  -0.262016
      1900   -0.26135
      2000  -0.260345
      2100  -0.259186
      2200  -0.258054
      2300  -0.257134
      2400  -0.256609
      2500  -0.256662
      2600  -0.257475
      2700  -0.259233
      2800  -0.262118
      2900  -0.266314
      3000  -0.272004
