       300  -0.110917
       400  -0.138306
       500  -0.162493
       600  -0.183667
       700  -0.202018
       800  -0.217736
       900  -0.231012
      1000  -0.242035
      1100  -0.250996
      1200  -0.258085
      1300  -0.263492
      1400  -0.267408
      1500  -0.270021
      1600  -0.271523
      1700  -0.272104
      1800  -0.271953
      1900  -0.271262
      2000  -0.270219
      2100  -0.269015
      2200  -0.267841
      2300  -0.266886
      2400  -0.266341
      2500  -0.266396
      2600   -0.26724
      2700  -0.269065
      2800  -0.272059
      2900  -0.276414
      3000   -0.28232
