       300 -0.0637646
       400 -0.0824274
       500 -0.0989307
       600  -0.113402
       700  -0.125969
       800  -0.136759
       900  -0.145899
      1000  -0.153518
      1100  -0.159743
      1200    -0.1647
      1300  -0.168519
      1400  -0.171326
      1500  -0.173249
      1600  -0.174415
      1700  -0.174953
      1800  -0.174989
      1900  -0.174651
      2000  -0.174067
      2100  -0.173364
      2200   -0.17267
      2300  -0.172112
      2400  -0.171817
      2500  -0.171915
      2600  -0.172531
      2700  -0.173794
      2800   -0.17583
      2900  -0.178768
      3000  -0.182736
