       300  -0.183545
       400  -0.198277
       500  -0.211129
       600  -0.222219
       700  -0.231664
       800  -0.239582
       900  -0.246088
      1000    -0.2513
      1100  -0.255336
      1200  -0.258312
      1300  -0.260346
      1400  -0.261554
      1500  -0.262053
      1600  -0.261961
      1700  -0.261395
      1800  -0.260472
      1900  -0.259309
      2000  -0.258022
      2100  -0.256729
      2200  -0.255548
      2300  -0.254595
      2400  -0.253987
      2500  -0.253841
      2600  -0.254275
      2700  -0.255405
      2800  -0.257348
      2900  -0.260223
      3000  -0.264144
