       300  -0.168261
       400  -0.178014
       500  -0.186489
       600  -0.193767
       700  -0.199929
       800  -0.205057
       900  -0.209231
      1000  -0.212532
      1100   -0.21504
      1200  -0.216837
      1300  -0.218004
      1400  -0.218622
      1500  -0.218771
      1600  -0.218532
      1700  -0.217987
      1800  -0.217215
      1900  -0.216299
      2000  -0.215319
      2100  -0.214355
      2200  -0.213489
      2300  -0.212802
      2400  -0.212374
      2500  -0.212286
      2600   -0.21262
      2700  -0.213456
      2800  -0.214875
      2900  -0.216958
      3000  -0.219786
