       300   0.393386
       400    0.40051
       500   0.406635
       600   0.411827
       700   0.416152
       800   0.419676
       900   0.422465
      1000   0.424585
      1100   0.426101
      1200   0.427079
      1300   0.427586
      1400   0.427687
      1500   0.427448
      1600   0.426935
      1700   0.426214
      1800   0.425351
      1900   0.424411
      2000   0.423461
      2100   0.422566
      2200   0.421792
      2300   0.421205
      2400   0.420872
      2500   0.420857
      2600   0.421227
      2700   0.422048
      2800   0.423385
      2900   0.425305
      3000   0.427873
