       300 -0.0130293
       400 -0.0166728
       500 -0.0198934
       600 -0.0227164
       700 -0.0251665
       800 -0.0272689
       900 -0.0290486
      1000 -0.0305305
      1100 -0.0317396
      1200  -0.032701
      1300 -0.0334396
      1400 -0.0339805
      1500 -0.0343486
      1600  -0.034569
      1700 -0.0346667
      1800 -0.0346666
      1900 -0.0345938
      2000 -0.0344732
      2100 -0.0343299
      2200 -0.0341889
      2300 -0.0340752
      2400 -0.0340137
      2500 -0.0340296
      2600 -0.0341476
      2700  -0.034393
      2800 -0.0347907
      2900 -0.0353656
      3000 -0.0361429
