       300  -0.150355
       400  -0.156103
       500  -0.161075
       600  -0.165322
       700  -0.168893
       800  -0.171839
       900  -0.174209
      1000  -0.176053
      1100  -0.177422
      1200  -0.178366
      1300  -0.178934
      1400  -0.179176
      1500  -0.179144
      1600  -0.178885
      1700  -0.178451
      1800  -0.177892
      1900  -0.177258
      2000  -0.176598
      2100  -0.175963
      2200  -0.175402
      2300  -0.174966
      2400  -0.174705
      2500  -0.174668
      2600  -0.174906
      2700  -0.175469
      2800  -0.176407
      2900  -0.177769
      3000  -0.179607
