       300  -0.134173
       400  -0.141241
       500  -0.147376
       600  -0.152638
       700  -0.157085
       800  -0.160778
       900  -0.163776
      1000  -0.166138
      1100  -0.167923
      1200   -0.16919
      1300      -0.17
      1400  -0.170411
      1500  -0.170482
      1600  -0.170274
      1700  -0.169844
      1800  -0.169254
      1900  -0.168561
      2000  -0.167825
      2100  -0.167106
      2200  -0.166463
      2300  -0.165955
      2400  -0.165641
      2500  -0.165581
      2600  -0.165835
      2700   -0.16646
      2800  -0.167518
      2900  -0.169067
      3000  -0.171166
