       300     -0.164
       400  -0.184255
       500  -0.202018
       600   -0.21744
       700  -0.230674
       800  -0.241872
       900  -0.251186
      1000  -0.258768
      1100   -0.26477
      1200  -0.269343
      1300   -0.27264
      1400  -0.274813
      1500  -0.276013
      1600  -0.276393
      1700  -0.276104
      1800  -0.275299
      1900   -0.27413
      2000  -0.272748
      2100  -0.271306
      2200  -0.269955
      2300  -0.268847
      2400  -0.268135
      2500   -0.26797
      2600  -0.268505
      2700  -0.269891
      2800   -0.27228
      2900  -0.275824
      3000  -0.280676
