       300  -0.156858
       400  -0.165949
       500   -0.17385
       600  -0.180635
       700   -0.18638
       800   -0.19116
       900  -0.195051
      1000  -0.198128
      1100  -0.200467
      1200  -0.202142
      1300   -0.20323
      1400  -0.203806
      1500  -0.203944
      1600  -0.203722
      1700  -0.203213
      1800  -0.202494
      1900   -0.20164
      2000  -0.200726
      2100  -0.199828
      2200  -0.199021
      2300   -0.19838
      2400  -0.197981
      2500  -0.197899
      2600  -0.198211
      2700   -0.19899
      2800  -0.200313
      2900  -0.202255
      3000  -0.204891
