       300  -0.173307
       400  -0.187216
       500  -0.199351
       600  -0.209823
       700  -0.218741
       800  -0.226217
       900   -0.23236
      1000  -0.237282
      1100  -0.241092
      1200  -0.243902
      1300  -0.245822
      1400  -0.246963
      1500  -0.247435
      1600  -0.247348
      1700  -0.246814
      1800  -0.245942
      1900  -0.244843
      2000  -0.243628
      2100  -0.242408
      2200  -0.241293
      2300  -0.240392
      2400  -0.239818
      2500  -0.239681
      2600   -0.24009
      2700  -0.241157
      2800  -0.242992
      2900  -0.245706
      3000  -0.249409
