       300 -0.0767678
       400 -0.0852923
       500 -0.0927587
       600 -0.0992319
       700  -0.104777
       800  -0.109458
       900  -0.113341
      1000   -0.11649
      1100  -0.118969
      1200  -0.120845
      1300  -0.122182
      1400  -0.123044
      1500  -0.123496
      1600  -0.123604
      1700  -0.123432
      1800  -0.123045
      1900  -0.122508
      2000  -0.121885
      2100  -0.121242
      2200  -0.120644
      2300  -0.120155
      2400   -0.11984
      2500  -0.119763
      2600  -0.119991
      2700  -0.120587
      2800  -0.121617
      2900  -0.123145
      3000  -0.125237
