       300 -0.0446883
       400 -0.0604198
       500 -0.0743505
       600 -0.0865861
       700 -0.0972325
       800  -0.106395
       900  -0.114181
      1000  -0.120695
      1100  -0.126042
      1200   -0.13033
      1300  -0.133664
      1400  -0.136149
      1500  -0.137891
      1600  -0.138997
      1700  -0.139572
      1800  -0.139721
      1900  -0.139552
      2000  -0.139169
      2100  -0.138678
      2200  -0.138186
      2300  -0.137797
      2400  -0.137619
      2500  -0.137756
      2600  -0.138315
      2700  -0.139401
      2800   -0.14112
      2900  -0.143579
      3000  -0.146882
