       300 -0.0746169
       400 -0.0920671
       500  -0.107469
       600  -0.120945
       700  -0.132617
       800  -0.142606
       900  -0.151035
      1000  -0.158024
      1100  -0.163696
      1200  -0.168172
      1300  -0.171575
      1400  -0.174026
      1500  -0.175647
      1600  -0.176559
      1700  -0.176885
      1800  -0.176746
      1900  -0.176264
      2000  -0.175561
      2100  -0.174758
      2200  -0.173978
      2300  -0.173342
      2400  -0.172971
      2500  -0.172988
      2600  -0.173515
      2700  -0.174673
      2800  -0.176584
      2900  -0.179369
      3000  -0.183152
