       300  -0.150408
       400  -0.159126
       500  -0.166702
       600  -0.173208
       700  -0.178716
       800    -0.1833
       900  -0.187031
      1000  -0.189982
      1100  -0.192224
      1200  -0.193831
      1300  -0.194874
      1400  -0.195426
      1500  -0.195559
      1600  -0.195346
      1700  -0.194858
      1800  -0.194168
      1900  -0.193349
      2000  -0.192473
      2100  -0.191611
      2200  -0.190837
      2300  -0.190223
      2400  -0.189841
      2500  -0.189762
      2600  -0.190061
      2700  -0.190808
      2800  -0.192077
      2900  -0.193939
      3000  -0.196466
