       300  -0.135516
       400  -0.144037
       500   -0.15145
       600  -0.157823
       700  -0.163227
       800  -0.167732
       900  -0.171407
      1000  -0.174324
      1100  -0.176551
      1200  -0.178158
      1300  -0.179216
      1400  -0.179794
      1500  -0.179963
      1600  -0.179792
      1700  -0.179352
      1800  -0.178711
      1900  -0.177941
      2000  -0.177112
      2100  -0.176292
      2200  -0.175552
      2300  -0.174963
      2400  -0.174593
      2500  -0.174514
      2600  -0.174794
      2700  -0.175504
      2800  -0.176714
      2900  -0.178494
      3000  -0.180914
