       300  0.0478736
       400  0.0499358
       500  0.0517219
       600  0.0532497
       700  0.0545368
       800   0.055601
       900    0.05646
      1000  0.0571315
      1100  0.0576332
      1200  0.0579828
      1300  0.0581981
      1400  0.0582968
      1500  0.0582966
      1600  0.0582152
      1700  0.0580703
      1800  0.0578796
      1900   0.057661
      2000   0.057432
      2100  0.0572104
      2200  0.0570139
      2300  0.0568603
      2400  0.0567672
      2500  0.0567524
      2600  0.0568336
      2700  0.0570285
      2800  0.0573548
      2900  0.0578303
      3000  0.0584727
