       300 -0.0828524
       400 -0.0952876
       500  -0.106216
       600   -0.11573
       700  -0.123919
       800  -0.130875
       900  -0.136689
      1000  -0.141452
      1100  -0.145254
      1200  -0.148188
      1300  -0.150344
      1400  -0.151813
      1500  -0.152686
      1600  -0.153055
      1700   -0.15301
      1800  -0.152642
      1900  -0.152043
      2000  -0.151304
      2100  -0.150515
      2200  -0.149768
      2300  -0.149154
      2400  -0.148764
      2500  -0.148689
      2600  -0.149019
      2700  -0.149847
      2800  -0.151263
      2900  -0.153358
      3000  -0.156224
