       300 -0.0145497
       400 -0.0481292
       500 -0.0781447
       600  -0.104798
       700   -0.12829
       800  -0.148823
       900  -0.166598
      1000  -0.181816
      1100   -0.19468
      1200  -0.205391
      1300  -0.214149
      1400  -0.221158
      1500  -0.226618
      1600   -0.23073
      1700  -0.233697
      1800   -0.23572
      1900     -0.237
      2000  -0.237739
      2100  -0.238139
      2200    -0.2384
      2300  -0.238725
      2400  -0.239315
      2500  -0.240371
      2600  -0.242096
      2700   -0.24469
      2800  -0.248355
      2900  -0.253293
      3000  -0.259705
