       300  0.0328345
       400 0.00331615
       500 -0.0236494
       600 -0.0481863
       700 -0.0704186
       800 -0.0904703
       900  -0.108466
      1000  -0.124528
      1100  -0.138783
      1200  -0.151353
      1300  -0.162363
      1400  -0.171936
      1500  -0.180198
      1600  -0.187271
      1700  -0.193281
      1800   -0.19835
      1900  -0.202604
      2000  -0.206166
      2100   -0.20916
      2200   -0.21171
      2300  -0.213941
      2400  -0.215976
      2500   -0.21794
      2600  -0.219957
      2700   -0.22215
      2800  -0.224643
      2900  -0.227562
      3000  -0.231029
