       300 0.00578147
       400 -0.0121727
       500 -0.0283318
       600 -0.0427937
       700 -0.0556559
       800 -0.0670162
       900 -0.0769725
      1000 -0.0856222
      1100 -0.0930633
      1200 -0.0993934
      1300   -0.10471
      1400  -0.109112
      1500  -0.112695
      1600  -0.115559
      1700    -0.1178
      1800  -0.119516
      1900  -0.120805
      2000  -0.121766
      2100  -0.122495
      2200   -0.12309
      2300  -0.123649
      2400  -0.124269
      2500   -0.12505
      2600  -0.126087
      2700  -0.127479
      2800  -0.129324
      2900  -0.131719
      3000  -0.134762
