       300 0.00646616
       400 0.00827432
       500 0.00987268
       600  0.0112736
       700  0.0124896
       800   0.013533
       900  0.0144162
      1000  0.0151516
      1100  0.0157517
      1200  0.0162288
      1300  0.0165953
      1400  0.0168638
      1500  0.0170465
      1600  0.0171558
      1700  0.0172043
      1800  0.0172043
      1900  0.0171681
      2000  0.0171083
      2100  0.0170372
      2200  0.0169672
      2300  0.0169108
      2400  0.0168803
      2500  0.0168881
      2600  0.0169467
      2700  0.0170685
      2800  0.0172658
      2900  0.0175512
      3000  0.0179369
