       300 -0.0458464
       400 -0.0654238
       500 -0.0827835
       600  -0.098055
       700  -0.111368
       800  -0.122853
       900  -0.132638
      1000  -0.140854
      1100  -0.147631
      1200  -0.153098
      1300  -0.157384
      1400   -0.16062
      1500  -0.162935
      1600  -0.164459
      1700  -0.165322
      1800  -0.165653
      1900  -0.165582
      2000  -0.165238
      2100  -0.164752
      2200  -0.164253
      2300  -0.163871
      2400  -0.163735
      2500  -0.163976
      2600  -0.164722
      2700  -0.166103
      2800   -0.16825
      2900  -0.171292
      3000  -0.175359
