       300  0.0321401
       400 0.00324602
       500 -0.0231493
       600 -0.0471673
       700 -0.0689294
       800  -0.088557
       900  -0.106172
      1000  -0.121895
      1100  -0.135848
      1200  -0.148152
      1300  -0.158929
      1400    -0.1683
      1500  -0.176387
      1600  -0.183311
      1700  -0.189193
      1800  -0.194155
      1900  -0.198319
      2000  -0.201806
      2100  -0.204736
      2200  -0.207233
      2300  -0.209417
      2400  -0.211409
      2500  -0.213331
      2600  -0.215305
      2700  -0.217452
      2800  -0.219893
      2900  -0.222749
      3000  -0.226143
