       300 0.000926189
       400 -0.0316868
       500  -0.060946
       600 -0.0870373
       700  -0.110147
       800  -0.130461
       900  -0.148165
      1000  -0.163445
      1100  -0.176488
      1200  -0.187479
      1300  -0.196604
      1400  -0.204049
      1500  -0.210001
      1600  -0.214646
      1700  -0.218168
      1800  -0.220755
      1900  -0.222593
      2000  -0.223867
      2100  -0.224763
      2200  -0.225468
      2300  -0.226167
      2400  -0.227047
      2500  -0.228293
      2600  -0.230092
      2700  -0.232629
      2800  -0.236091
      2900  -0.240663
      3000  -0.246533
