       300   0.081336
       400   0.143003
       500   0.197872
       600   0.246336
       700   0.288788
       800   0.325619
       900   0.357222
      1000   0.383989
      1100   0.406313
      1200   0.424585
      1300   0.439199
      1400   0.450547
      1500   0.459021
      1600   0.465012
      1700   0.468915
      1800    0.47112
      1900   0.472021
      2000   0.472009
      2100   0.471477
      2200   0.470818
      2300   0.470423
      2400   0.470685
      2500   0.471996
      2600   0.474749
      2700   0.479335
      2800   0.486148
      2900    0.49558
      3000   0.508023
