       300 -0.0466163
       400  -0.063768
       500  -0.078961
       600 -0.0923104
       700  -0.103931
       800  -0.113938
       900  -0.122446
      1000  -0.129571
      1100  -0.135426
      1200  -0.140128
      1300  -0.143791
      1400   -0.14653
      1500   -0.14846
      1600  -0.149696
      1700  -0.150353
      1800  -0.150546
      1900   -0.15039
      2000      -0.15
      2100  -0.149491
      2200  -0.148978
      2300  -0.148575
      2400  -0.148398
      2500  -0.148562
      2600  -0.149181
      2700  -0.150372
      2800  -0.152247
      2900  -0.154924
      3000  -0.158516
