       300 0.00193665
       400 -0.0173199
       500 -0.0346084
       600 -0.0500376
       700 -0.0637162
       800 -0.0757529
       900 -0.0862564
      1000 -0.0953355
      1100  -0.103099
      1200  -0.109655
      1300  -0.115113
      1400  -0.119582
      1500   -0.12317
      1600  -0.125985
      1700  -0.128137
      1800  -0.129735
      1900  -0.130886
      2000  -0.131701
      2100  -0.132287
      2200  -0.132753
      2300  -0.133208
      2400   -0.13376
      2500  -0.134519
      2600  -0.135593
      2700  -0.137091
      2800  -0.139122
      2900  -0.141793
      3000  -0.145215
