       300   0.179929
       400   0.186808
       500   0.192759
       600   0.197841
       700   0.202114
       800   0.205639
       900   0.208476
      1000   0.210683
      1100   0.212321
      1200   0.213451
      1300    0.21413
      1400   0.214421
      1500   0.214381
      1600   0.214072
      1700   0.213553
      1800   0.212884
      1900   0.212125
      2000   0.211335
      2100   0.210575
      2200   0.209904
      2300   0.209382
      2400   0.209069
      2500   0.209026
      2600   0.209311
      2700   0.209984
      2800   0.211106
      2900   0.212737
      3000   0.214935
