       300 0.00340578
       400 0.00442895
       500  0.0053339
       600 0.00612762
       700 0.00681709
       800 0.00740927
       900 0.00791116
      1000 0.00832971
      1100 0.00867192
      1200 0.00894476
      1300  0.0091552
      1400 0.00931022
      1500 0.00941679
      1600  0.0094819
      1700 0.00951252
      1800 0.00951562
      1900 0.00949818
      2000 0.00946718
      2100  0.0094296
      2200 0.00939241
      2300 0.00936259
      2400 0.00934711
      2500 0.00935295
      2600 0.00938709
      2700  0.0094565
      2800 0.00956817
      2900 0.00972906
      3000 0.00994615
