       300 -0.0705485
       400 -0.0787101
       500 -0.0858622
       600 -0.0920664
       700 -0.0973845
       800  -0.101878
       900   -0.10561
      1000   -0.10864
      1100  -0.111031
      1200  -0.112846
      1300  -0.114144
      1400  -0.114989
      1500  -0.115442
      1600  -0.115564
      1700  -0.115418
      1800  -0.115066
      1900  -0.114568
      2000  -0.113987
      2100  -0.113385
      2200  -0.112823
      2300  -0.112363
      2400  -0.112066
      2500  -0.111996
      2600  -0.112212
      2700  -0.112778
      2800  -0.113755
      2900  -0.115204
      3000  -0.117187
