       300   0.144271
       400   0.154238
       500   0.162917
       600    0.17039
       700   0.176737
       800    0.18204
       900   0.186378
      1000   0.189833
      1100   0.192485
      1200   0.194416
      1300   0.195706
      1400   0.196436
      1500   0.196687
      1600   0.196539
      1700   0.196074
      1800   0.195372
      1900   0.194515
      2000   0.193582
      2100   0.192654
      2200   0.191814
      2300    0.19114
      2400   0.190715
      2500   0.190619
      2600   0.190932
      2700   0.191737
      2800   0.193112
      2900    0.19514
      3000   0.197901
