       300   0.136727
       400   0.141954
       500   0.146475
       600   0.150337
       700   0.153585
       800   0.156263
       900   0.158419
      1000   0.160096
      1100   0.161341
      1200   0.162199
      1300   0.162715
      1400   0.162936
      1500   0.162906
      1600   0.162671
      1700   0.162277
      1800   0.161768
      1900   0.161191
      2000   0.160591
      2100   0.160013
      2200   0.159504
      2300   0.159107
      2400    0.15887
      2500   0.158836
      2600   0.159053
      2700   0.159565
      2800   0.160418
      2900   0.161657
      3000   0.163327
