       300  0.0198448
       400  0.0218143
       500  0.0235371
       600  0.0250283
       700  0.0263031
       800  0.0273769
       900  0.0282646
      1000  0.0289817
      1100  0.0295432
      1200  0.0299644
      1300  0.0302605
      1400  0.0304467
      1500  0.0305382
      1600  0.0305503
      1700  0.0304981
      1800  0.0303969
      1900  0.0302618
      2000  0.0301081
      2100  0.0299509
      2200  0.0298056
      2300  0.0296872
      2400   0.029611
      2500  0.0295923
      2600  0.0296462
      2700  0.0297879
      2800  0.0300327
      2900  0.0303957
      3000  0.0308922
