       300  0.0080577
       400 0.00843846
       500 0.00876856
       600 0.00905126
       700 0.00928979
       800 0.00948739
       900 0.00964728
      1000 0.00977272
      1100 0.00986694
      1200 0.00993317
      1300 0.00997466
      1400 0.00999464
      1500 0.00999634
      1600 0.00998301
      1700 0.00995788
      1800 0.00992419
      1900 0.00988518
      2000 0.00984409
      2100 0.00980414
      2200 0.00976858
      2300 0.00974065
      2400 0.00972359
      2500 0.00972062
      2600 0.00973499
      2700 0.00976994
      2800 0.00982871
      2900 0.00991452
      3000  0.0100306
