       300 -0.0217557
       400  -0.022882
       500 -0.0238595
       600 -0.0246976
       700 -0.0254059
       800 -0.0259938
       900 -0.0264708
      1000 -0.0268463
      1100 -0.0271298
      1200 -0.0273308
      1300 -0.0274588
      1400 -0.0275233
      1500 -0.0275336
      1600 -0.0274994
      1700   -0.02743
      1800  -0.027335
      1900 -0.0272237
      2000 -0.0271058
      2100 -0.0269906
      2200 -0.0268876
      2300 -0.0268064
      2400 -0.0267563
      2500 -0.0267469
      2600 -0.0267876
      2700  -0.026888
      2800 -0.0270574
      2900 -0.0273053
      3000 -0.0276413
