       300 0.00700565
       400 0.00911028
       500  0.0109718
       600  0.0126044
       700  0.0140227
       800  0.0152408
       900  0.0162731
      1000  0.0171341
      1100   0.017838
      1200  0.0183992
      1300  0.0188321
      1400   0.019151
      1500  0.0193702
      1600  0.0195041
      1700  0.0195671
      1800  0.0195735
      1900  0.0195376
      2000  0.0194739
      2100  0.0193966
      2200  0.0193201
      2300  0.0192587
      2400  0.0192269
      2500  0.0192389
      2600  0.0193091
      2700  0.0194519
      2800  0.0196816
      2900  0.0200125
      3000  0.0204591
