       300 -0.00759349
       400 -0.00795019
       500 -0.00825942
       600 -0.00852422
       700 -0.00874763
       800 -0.00893267
       900 -0.00908238
      1000 -0.00919981
      1100 -0.00928798
      1200 -0.00934992
      1300 -0.00938868
      1400 -0.00940729
      1500 -0.00940878
      1600 -0.00939619
      1700 -0.00937255
      1800 -0.00934089
      1900 -0.00930426
      2000 -0.00926569
      2100 -0.00922821
      2200 -0.00919485
      2300 -0.00916866
      2400 -0.00915267
      2500 -0.0091499
      2600 -0.0091634
      2700 -0.00919621
      2800 -0.00925135
      2900 -0.00933186
      3000 -0.00944077
