       300  -0.054276
       400 -0.0590944
       500 -0.0633034
       600 -0.0669407
       700 -0.0700441
       800 -0.0726514
       900 -0.0748003
      1000 -0.0765287
      1100 -0.0778742
      1200 -0.0788748
      1300 -0.0795681
      1400 -0.0799919
      1500  -0.080184
      1600 -0.0801822
      1700 -0.0800242
      1800 -0.0797479
      1900 -0.0793909
      2000 -0.0789911
      2100 -0.0785863
      2200 -0.0782142
      2300 -0.0779125
      2400 -0.0777191
      2500 -0.0776718
      2600 -0.0778083
      2700 -0.0781663
      2800 -0.0787837
      2900 -0.0796982
      3000 -0.0809477
