       300   0.124539
       400   0.136187
       500   0.146368
       600   0.155173
       700   0.162693
       800   0.169018
       900   0.174238
      1000   0.178446
      1100    0.18173
      1200   0.184183
      1300   0.185894
      1400   0.186954
      1500   0.187455
      1600   0.187486
      1700   0.187138
      1800   0.186502
      1900   0.185669
      2000    0.18473
      2100   0.183774
      2200   0.182893
      2300   0.182177
      2400   0.181717
      2500   0.181604
      2600   0.181928
      2700    0.18278
      2800   0.184251
      2900   0.186432
      3000   0.189412
