       300 -0.00331142
       400 -0.00430766
       500 -0.00518882
       600 -0.00596167
       700 -0.00663303
       800 -0.00720967
       900 -0.00769839
      1000 -0.00810598
      1100 -0.00843924
      1200 -0.00870495
      1300 -0.00890991
      1400 -0.00906091
      1500 -0.00916474
      1600 -0.0092282
      1700 -0.00925807
      1800 -0.00926115
      1900 -0.00924423
      2000 -0.00921411
      2100 -0.00917756
      2200 -0.0091414
      2300 -0.0091124
      2400 -0.00909736
      2500 -0.00910308
      2600 -0.00913634
      2700 -0.00920394
      2800 -0.00931266
      2900 -0.00946931
      3000 -0.00968067
