       300  -0.057283
       400 -0.0628587
       500 -0.0677347
       600  -0.071954
       700   -0.07556
       800 -0.0785957
       900 -0.0811043
      1000  -0.083129
      1100  -0.084713
      1200 -0.0858994
      1300 -0.0867314
      1400 -0.0872522
      1500 -0.0875049
      1600 -0.0875327
      1700 -0.0873789
      1800 -0.0870864
      1900 -0.0866986
      2000 -0.0862586
      2100 -0.0858096
      2200 -0.0853947
      2300 -0.0850571
      2400   -0.08484
      2500 -0.0847866
      2600 -0.0849399
      2700 -0.0853433
      2800 -0.0860398
      2900 -0.0870726
      3000  -0.088485
