       300 -0.0257982
       400  -0.027613
       500 -0.0291937
       600  -0.030555
       700 -0.0317116
       800 -0.0326782
       900 -0.0334695
      1000 -0.0341002
      1100 -0.0345848
      1200 -0.0349382
      1300 -0.0351749
      1400 -0.0353098
      1500 -0.0353573
      1600 -0.0353323
      1700 -0.0352494
      1800 -0.0351233
      1900 -0.0349686
      2000 -0.0348001
      2100 -0.0346324
      2200 -0.0344802
      2300 -0.0343582
      2400  -0.034281
      2500 -0.0342634
      2600   -0.03432
      2700 -0.0344655
      2800 -0.0347146
      2900  -0.035082
      3000 -0.0355822
