       300 0.00711447
       400  0.0105378
       500  0.0135758
       600  0.0162507
       700  0.0185852
       800  0.0206017
       900  0.0223226
      1000  0.0237705
      1100  0.0249678
      1200   0.025937
      1300  0.0267006
      1400   0.027281
      1500  0.0277007
      1600  0.0279823
      1700  0.0281481
      1800  0.0282206
      1900  0.0282224
      2000  0.0281759
      2100  0.0281036
      2200  0.0280279
      2300  0.0279714
      2400  0.0279565
      2500  0.0280056
      2600  0.0281413
      2700  0.0283861
      2800  0.0287624
      2900  0.0292926
      3000  0.0299993
