       300 -0.00664046
       400 -0.00714678
       500 -0.00758823
       600 -0.00796887
       700 -0.00829274
       800 -0.00856391
       900 -0.00878642
      1000 -0.00896432
      1100 -0.00910166
      1200 -0.00920251
      1300 -0.0092709
      1400 -0.00931089
      1500 -0.00932653
      1600 -0.00932188
      1700 -0.00930099
      1800 -0.0092679
      1900 -0.00922667
      2000 -0.00918135
      2100 -0.00913599
      2200 -0.00909465
      2300 -0.00906137
      2400 -0.00904021
      2500 -0.00903522
      2600 -0.00905045
      2700 -0.00908996
      2800 -0.00915779
      2900 -0.00925799
      3000 -0.00939463
