       300 -0.0572705
       400  -0.062845
       500 -0.0677199
       600 -0.0719383
       700 -0.0755435
       800 -0.0785785
       900 -0.0810866
      1000 -0.0831109
      1100 -0.0846945
      1200 -0.0858806
      1300 -0.0867125
      1400 -0.0872331
      1500 -0.0874858
      1600 -0.0875136
      1700 -0.0873598
      1800 -0.0870674
      1900 -0.0866797
      2000 -0.0862398
      2100 -0.0857909
      2200 -0.0853761
      2300 -0.0850386
      2400 -0.0848215
      2500 -0.0847681
      2600 -0.0849214
      2700 -0.0853246
      2800  -0.086021
      2900 -0.0870536
      3000 -0.0884656
