       300   0.165464
       400   0.173236
       500   0.179975
       600   0.185745
       700   0.190613
       800   0.194645
       900   0.197907
      1000   0.200466
      1100   0.202387
      1200   0.203737
      1300   0.204581
      1400   0.204987
      1500   0.205019
      1600   0.204745
      1700    0.20423
      1800    0.20354
      1900   0.202742
      2000   0.201901
      2100   0.201085
      2200   0.200358
      2300   0.199787
      2400   0.199439
      2500   0.199378
      2600   0.199673
      2700   0.200387
      2800   0.201589
      2900   0.203343
      3000   0.205717
