       300 0.000846786
       400  0.0330995
       500  0.0620208
       600  0.0877959
       700    0.11061
       800   0.130649
       900   0.148097
      1000    0.16314
      1100   0.175964
      1200   0.186753
      1300   0.195693
      1400    0.20297
      1500   0.208768
      1600   0.213272
      1700   0.216669
      1800   0.219143
      1900    0.22088
      2000   0.222065
      2100   0.222883
      2200   0.223519
      2300    0.22416
      2400    0.22499
      2500   0.226194
      2600   0.227958
      2700   0.230467
      2800   0.233906
      2900   0.238461
      3000   0.244317
