       300   0.409243
       400   0.430241
       500   0.448463
       600   0.464085
       700   0.477285
       800   0.488239
       900   0.497123
      1000   0.504116
      1100   0.509392
      1200   0.513131
      1300   0.515507
      1400   0.516699
      1500   0.516882
      1600   0.516234
      1700   0.514931
      1800    0.51315
      1900   0.511069
      2000   0.508863
      2100    0.50671
      2200   0.504786
      2300   0.503269
      2400   0.502335
      2500   0.502161
      2600   0.502923
      2700   0.504799
      2800   0.507965
      2900   0.512599
      3000   0.518876
