       300  0.0686919
       400  0.0775992
       500  0.0854149
       600  0.0922055
       700  0.0980373
       800   0.102977
       900    0.10709
      1000   0.110444
      1100   0.113105
      1200   0.115139
      1300   0.116613
      1400   0.117593
      1500   0.118146
      1600   0.118338
      1700   0.118235
      1800   0.117904
      1900   0.117411
      2000   0.116823
      2100   0.116206
      2200   0.115626
      2300   0.115151
      2400   0.114845
      2500   0.114777
      2600   0.115012
      2700   0.115616
      2800   0.116656
      2900   0.118199
      3000   0.120311
