       300   0.180967
       400   0.200204
       500   0.217045
       600   0.231636
       700   0.244125
       800    0.25466
       900   0.263386
      1000   0.270453
      1100   0.276006
      1200   0.280193
      1300   0.283161
      1400   0.285057
      1500   0.286029
      1600   0.286224
      1700   0.285789
      1800    0.28487
      1900   0.283617
      2000   0.282174
      2100    0.28069
      2200   0.279313
      2300   0.278188
      2400   0.277464
      2500   0.277287
      2600   0.277805
      2700   0.279164
      2800   0.281513
      2900   0.284998
      3000   0.289767
