       300  0.0558249
       400  0.0638197
       500  0.0708425
       600  0.0769521
       700  0.0822074
       800  0.0866673
       900  0.0903906
      1000  0.0934363
      1100  0.0958633
      1200  0.0977304
      1300  0.0990965
      1400    0.10002
      1500   0.100561
      1600   0.100778
      1700   0.100729
      1800   0.100473
      1900    0.10007
      2000  0.0995774
      2100  0.0990554
      2200  0.0985622
      2300  0.0981569
      2400  0.0978984
      2500  0.0978454
      2600  0.0980569
      2700  0.0985918
      2800  0.0995089
      2900   0.100867
      3000   0.102725
