       300   0.218204
       400   0.238947
       500   0.257081
       600   0.272768
       700   0.286169
       800   0.297444
       900   0.306756
      1000   0.314264
      1100   0.320131
      1200   0.324518
      1300   0.327584
      1400   0.329493
      1500   0.330404
      1600   0.330479
      1700   0.329879
      1800   0.328765
      1900   0.327298
      2000   0.325639
      2100    0.32395
      2200   0.322391
      2300   0.321124
      2400    0.32031
      2500   0.320109
      2600   0.320684
      2700   0.322194
      2800   0.324802
      2900   0.328668
      3000   0.333954
