       300   0.127438
       400   0.152015
       500   0.173669
       600   0.192575
       700   0.208909
       800   0.222845
       900   0.234559
      1000   0.244225
      1100   0.252018
      1200   0.258113
      1300   0.262685
      1400   0.265909
      1500    0.26796
      1600   0.269013
      1700   0.269242
      1800   0.268824
      1900   0.267932
      2000   0.266741
      2100   0.265427
      2200   0.264165
      2300   0.263128
      2400   0.262494
      2500   0.262435
      2600   0.263128
      2700   0.264746
      2800   0.267466
      2900   0.271462
      3000   0.276909
