       300   0.172236
       400   0.190545
       500   0.206573
       600    0.22046
       700   0.232347
       800   0.242373
       900   0.250679
      1000   0.257404
      1100    0.26269
      1200   0.266675
      1300   0.269499
      1400   0.271304
      1500   0.272229
      1600   0.272415
      1700      0.272
      1800   0.271126
      1900   0.269933
      2000    0.26856
      2100   0.267148
      2200   0.265837
      2300   0.264766
      2400   0.264077
      2500   0.263909
      2600   0.264402
      2700   0.265696
      2800   0.267931
      2900   0.271248
      3000   0.275787
