       300   0.079327
       400  0.0896133
       500  0.0986391
       600   0.106481
       700   0.113216
       800    0.11892
       900    0.12367
      1000   0.127543
      1100   0.130616
      1200   0.132965
      1300   0.134668
      1400   0.135799
      1500   0.136438
      1600   0.136659
      1700    0.13654
      1800   0.136158
      1900   0.135589
      2000    0.13491
      2100   0.134197
      2200   0.133528
      2300   0.132979
      2400   0.132626
      2500   0.132547
      2600   0.132818
      2700   0.133516
      2800   0.134717
      2900   0.136499
      3000   0.138937
