       300   0.248296
       400   0.297566
       500   0.340989
       600   0.378914
       700   0.411692
       800   0.439671
       900   0.463202
      1000   0.482635
      1100   0.498318
      1200   0.510601
      1300   0.519834
      1400   0.526368
      1500    0.53055
      1600   0.532732
      1700   0.533262
      1800    0.53249
      1900   0.530766
      2000    0.52844
      2100   0.525861
      2200   0.523379
      2300   0.521343
      2400   0.520103
      2500   0.520009
      2600    0.52141
      2700   0.524657
      2800   0.530098
      2900   0.538083
      3000   0.548962
