       300 0.00222648
       400 0.00548167
       500 0.00838687
       600   0.010962
       700  0.0132271
       800  0.0152019
       900  0.0169065
      1000  0.0183608
      1100  0.0195847
      1200  0.0205982
      1300  0.0214212
      1400  0.0220737
      1500  0.0225755
      1600  0.0229466
      1700   0.023207
      1800  0.0233765
      1900  0.0234752
      2000  0.0235229
      2100  0.0235397
      2200  0.0235453
      2300  0.0235598
      2400  0.0236032
      2500  0.0236952
      2600   0.023856
      2700  0.0241053
      2800  0.0244632
      2900  0.0249496
      3000  0.0255844
