       300 -0.0930346
       400  -0.105528
       500  -0.116494
       600  -0.126027
       700  -0.134218
       800  -0.141161
       900  -0.146947
      1000  -0.151671
      1100  -0.155425
      1200  -0.158301
      1300  -0.160392
      1400  -0.161791
      1500  -0.162591
      1600  -0.162885
      1700  -0.162765
      1800  -0.162323
      1900  -0.161653
      2000  -0.160848
      2100      -0.16
      2200  -0.159202
      2300  -0.158547
      2400  -0.158127
      2500  -0.158035
      2600  -0.158365
      2700  -0.159208
      2800  -0.160657
      2900  -0.162806
      3000  -0.165746
