       300 -0.0835522
       400   -0.09283
       500  -0.100956
       600  -0.108002
       700  -0.114036
       800  -0.119131
       900  -0.123357
      1000  -0.126784
      1100  -0.129483
      1200  -0.131525
      1300  -0.132979
      1400  -0.133918
      1500   -0.13441
      1600  -0.134528
      1700   -0.13434
      1800  -0.133919
      1900  -0.133335
      2000  -0.132657
      2100  -0.131957
      2200  -0.131306
      2300  -0.130773
      2400   -0.13043
      2500  -0.130348
      2600  -0.130595
      2700  -0.131244
      2800  -0.132365
      2900  -0.134028
      3000  -0.136305
