       300 -0.0980209
       400  -0.111184
       500  -0.122738
       600  -0.132781
       700  -0.141411
       800  -0.148726
       900  -0.154823
      1000    -0.1598
      1100  -0.163755
      1200  -0.166785
      1300  -0.168989
      1400  -0.170463
      1500  -0.171306
      1600  -0.171615
      1700  -0.171488
      1800  -0.171023
      1900  -0.170317
      2000  -0.169469
      2100  -0.168576
      2200  -0.167735
      2300  -0.167044
      2400  -0.166602
      2500  -0.166505
      2600  -0.166852
      2700   -0.16774
      2800  -0.169268
      2900  -0.171531
      3000   -0.17463
