       300   -0.14584
       400  -0.166589
       500  -0.184813
       600  -0.200667
       700  -0.214302
       800  -0.225872
       900  -0.235529
      1000  -0.243428
      1100   -0.24972
      1200  -0.254558
      1300  -0.258096
      1400  -0.260487
      1500  -0.261882
      1600  -0.262437
      1700  -0.262302
      1800  -0.261631
      1900  -0.260578
      2000  -0.259294
      2100  -0.257934
      2200  -0.256649
      2300  -0.255594
      2400   -0.25492
      2500  -0.254781
      2600   -0.25533
      2700  -0.256719
      2800  -0.259102
      2900  -0.262631
      3000   -0.26746
