       300  -0.103346
       400  -0.128866
       500  -0.151402
       600  -0.171131
       700  -0.188229
       800  -0.202874
       900  -0.215244
      1000  -0.225515
      1100  -0.233864
      1200   -0.24047
      1300  -0.245508
      1400  -0.249156
      1500  -0.251591
      1600   -0.25299
      1700  -0.253531
      1800  -0.253391
      1900  -0.252747
      2000  -0.251775
      2100  -0.250654
      2200   -0.24956
      2300   -0.24867
      2400  -0.248162
      2500  -0.248213
      2600     -0.249
      2700    -0.2507
      2800   -0.25349
      2900  -0.257548
      3000   -0.26305
