       300 -0.0747695
       400 -0.0922554
       500  -0.107689
       600  -0.121193
       700  -0.132888
       800  -0.142898
       900  -0.151343
      1000  -0.158347
      1100   -0.16403
      1200  -0.168516
      1300  -0.171926
      1400  -0.174382
      1500  -0.176006
      1600   -0.17692
      1700  -0.177247
      1800  -0.177107
      1900  -0.176624
      2000   -0.17592
      2100  -0.175115
      2200  -0.174333
      2300  -0.173696
      2400  -0.173324
      2500  -0.173342
      2600   -0.17387
      2700   -0.17503
      2800  -0.176945
      2900  -0.179736
      3000  -0.183526
