       300  -0.152277
       400  -0.172037
       500  -0.189376
       600  -0.204441
       700  -0.217378
       800  -0.228337
       900  -0.237463
      1000  -0.244904
      1100  -0.250808
      1200  -0.255321
      1300  -0.258592
      1400  -0.260767
      1500  -0.261994
      1600   -0.26242
      1700  -0.262192
      1800  -0.261459
      1900  -0.260366
      2000  -0.259062
      2100  -0.257694
      2200  -0.256409
      2300  -0.255354
      2400  -0.254677
      2500  -0.254525
      2600  -0.255046
      2700  -0.256386
      2800  -0.258694
      2900  -0.262116
      3000    -0.2668
