       300   0.400056
       400   0.407301
       500   0.413529
       600    0.41881
       700   0.423208
       800   0.426792
       900   0.429628
      1000   0.431783
      1100   0.433325
      1200    0.43432
      1300   0.434836
      1400   0.434938
      1500   0.434695
      1600   0.434174
      1700    0.43344
      1800   0.432562
      1900   0.431607
      2000    0.43064
      2100    0.42973
      2200   0.428943
      2300   0.428347
      2400   0.428008
      2500   0.427993
      2600   0.428369
      2700   0.429204
      2800   0.430564
      2900   0.432516
      3000   0.435127
