       300 -0.0477834
       400 -0.0646045
       500    -0.0795
       600 -0.0925831
       700  -0.103967
       800  -0.113764
       900  -0.122089
      1000  -0.129054
      1100  -0.134772
      1200  -0.139357
      1300  -0.142921
      1400  -0.145578
      1500  -0.147441
      1600  -0.148624
      1700  -0.149238
      1800  -0.149398
      1900  -0.149217
      2000  -0.148807
      2100  -0.148283
      2200  -0.147756
      2300  -0.147341
      2400   -0.14715
      2500  -0.147297
      2600  -0.147895
      2700  -0.149056
      2800  -0.150894
      2900  -0.153523
      3000  -0.157055
