       300 -0.0448069
       400 -0.0605802
       500 -0.0745478
       600 -0.0868159
       700 -0.0974905
       800  -0.106678
       900  -0.114484
      1000  -0.121015
      1100  -0.126377
      1200  -0.130676
      1300  -0.134018
      1400   -0.13651
      1500  -0.138257
      1600  -0.139366
      1700  -0.139942
      1800  -0.140092
      1900  -0.139922
      2000  -0.139538
      2100  -0.139046
      2200  -0.138552
      2300  -0.138163
      2400  -0.137984
      2500  -0.138122
      2600  -0.138682
      2700  -0.139771
      2800  -0.141495
      2900   -0.14396
      3000  -0.147272
