       300  -0.173538
       400  -0.187467
       500  -0.199618
       600  -0.210104
       700  -0.219034
       800  -0.226519
       900  -0.232671
      1000  -0.237599
      1100  -0.241415
      1200  -0.244229
      1300  -0.246151
      1400  -0.247293
      1500  -0.247766
      1600  -0.247679
      1700  -0.247144
      1800  -0.246271
      1900  -0.245171
      2000  -0.243954
      2100  -0.242732
      2200  -0.241615
      2300  -0.240714
      2400  -0.240139
      2500  -0.240001
      2600  -0.240411
      2700   -0.24148
      2800  -0.243317
      2900  -0.246035
      3000  -0.249743
