       300  -0.150686
       400  -0.159419
       500  -0.167009
       600  -0.173527
       700  -0.179046
       800  -0.183638
       900  -0.187376
      1000  -0.190332
      1100  -0.192578
      1200  -0.194188
      1300  -0.195233
      1400  -0.195786
      1500  -0.195919
      1600  -0.195706
      1700  -0.195217
      1800  -0.194526
      1900  -0.193706
      2000  -0.192828
      2100  -0.191965
      2200  -0.191189
      2300  -0.190574
      2400   -0.19019
      2500  -0.190112
      2600  -0.190411
      2700   -0.19116
      2800  -0.192431
      2900  -0.194296
      3000  -0.196829
