       300  0.0146976
       400  0.0153307
       500  0.0158791
       600  0.0163481
       700  0.0167433
       800    0.01707
       900  0.0173337
      1000  0.0175399
      1100  0.0176939
      1200  0.0178012
      1300  0.0178673
      1400  0.0178976
      1500  0.0178976
      1600  0.0178726
      1700  0.0178281
      1800  0.0177696
      1900  0.0177024
      2000  0.0176321
      2100  0.0175641
      2200  0.0175038
      2300  0.0174566
      2400   0.017428
      2500  0.0174235
      2600  0.0174484
      2700  0.0175083
      2800  0.0176084
      2900  0.0177544
      3000  0.0179516
