       300  -0.172434
       400  -0.190764
       500  -0.206811
       600  -0.220714
       700  -0.232614
       800  -0.242652
       900  -0.250967
      1000    -0.2577
      1100  -0.262992
      1200  -0.266981
      1300  -0.269809
      1400  -0.271616
      1500  -0.272543
      1600  -0.272728
      1700  -0.272313
      1800  -0.271438
      1900  -0.270244
      2000  -0.268869
      2100  -0.267455
      2200  -0.266143
      2300  -0.265071
      2400  -0.264381
      2500  -0.264212
      2600  -0.264706
      2700  -0.266001
      2800  -0.268239
      2900   -0.27156
      3000  -0.276104
