       300 -0.0141362
       400 -0.0147451
       500 -0.0152726
       600 -0.0157237
       700 -0.0161037
       800  -0.016418
       900 -0.0166716
      1000 -0.0168699
      1100  -0.017018
      1200 -0.0171213
      1300 -0.0171849
      1400  -0.017214
      1500 -0.0172139
      1600 -0.0171899
      1700 -0.0171471
      1800 -0.0170908
      1900 -0.0170262
      2000 -0.0169586
      2100 -0.0168932
      2200 -0.0168352
      2300 -0.0167898
      2400 -0.0167623
      2500  -0.016758
      2600 -0.0167819
      2700 -0.0168395
      2800 -0.0169359
      2900 -0.0170763
      3000 -0.0172659
