       300 0.00843541
       400 0.00998607
       500  0.0113517
       600  0.0125434
       700  0.0135723
       800  0.0144494
       900  0.0151859
      1000  0.0157928
      1100  0.0162813
      1200  0.0166624
      1300  0.0169473
      1400   0.017147
      1500  0.0172726
      1600  0.0173352
      1700   0.017346
      1800  0.0173159
      1900  0.0172562
      2000  0.0171779
      2100   0.017092
      2200  0.0170098
      2300  0.0169423
      2400  0.0169005
      2500  0.0168956
      2600  0.0169387
      2700  0.0170408
      2800  0.0172131
      2900  0.0174667
      3000  0.0178126
