       300 -0.0229615
       400  -0.031387
       500 -0.0388502
       600 -0.0454075
       700 -0.0511156
       800 -0.0560309
       900 -0.0602098
      1000 -0.0637089
      1100 -0.0665846
      1200 -0.0688935
      1300 -0.0706919
      1400 -0.0720365
      1500 -0.0729837
      1600   -0.07359
      1700 -0.0739119
      1800 -0.0740058
      1900 -0.0739283
      2000 -0.0737359
      2100 -0.0734849
      2200  -0.073232
      2300 -0.0730336
      2400 -0.0729462
      2500 -0.0730262
      2600 -0.0733303
      2700 -0.0739147
      2800 -0.0748362
      2900 -0.0761511
      3000 -0.0779159
