       300 0.00272303
       400  0.0036594
       500 0.00448844
       600 0.00521646
       700 0.00584977
       800 0.00639467
       900 0.00685749
      1000 0.00724453
      1100  0.0075621
      1200 0.00781652
      1300  0.0080141
      1400 0.00816114
      1500 0.00826397
      1600 0.00832888
      1700  0.0083622
      1800 0.00837024
      1900  0.0083593
      2000  0.0083357
      2100 0.00830574
      2200 0.00827575
      2300 0.00825203
      2400 0.00824089
      2500 0.00824864
      2600  0.0082816
      2700 0.00834608
      2800 0.00844839
      2900 0.00859484
      3000 0.00879174
