       300  0.0254699
       400  0.0292895
       500  0.0326464
       600  0.0355685
       700  0.0380839
       800  0.0402204
       900   0.042006
      1000  0.0434688
      1100  0.0446367
      1200  0.0455377
      1300  0.0461997
      1400  0.0466508
      1500  0.0469189
      1600  0.0470319
      1700  0.0470179
      1800  0.0469049
      1900  0.0467207
      2000  0.0464935
      2100  0.0462511
      2200  0.0460216
      2300  0.0458328
      2400  0.0457129
      2500  0.0456897
      2600  0.0457913
      2700  0.0460456
      2800  0.0464805
      2900  0.0471242
      3000  0.0480045
