       300  0.0098799
       400  0.0155473
       500   0.020582
       600  0.0250208
       700  0.0289005
       800  0.0322577
       900  0.0351293
      1000  0.0375519
      1100  0.0395624
      1200  0.0411974
      1300  0.0424937
      1400   0.043488
      1500  0.0442171
      1600  0.0447177
      1700  0.0450266
      1800  0.0451804
      1900   0.045216
      2000  0.0451701
      2100  0.0450795
      2200  0.0449808
      2300  0.0449108
      2400  0.0449062
      2500  0.0450039
      2600  0.0452405
      2700  0.0456527
      2800  0.0462774
      2900  0.0471513
      3000   0.048311
