       300 0.00700278
       400  0.0101681
       500  0.0129759
       600  0.0154471
       700  0.0176025
       800  0.0194631
       900  0.0210496
      1000   0.022383
      1100  0.0234841
      1200  0.0243739
      1300  0.0250732
      1400  0.0256029
      1500  0.0259839
      1600   0.026237
      1700  0.0263832
      1800  0.0264432
      1900  0.0264381
      2000  0.0263886
      2100  0.0263156
      2200  0.0262401
      2300  0.0261829
      2400  0.0261649
      2500  0.0262069
      2600  0.0263299
      2700  0.0265547
      2800  0.0269022
      2900  0.0273933
      3000  0.0280488
