       300 0.00774508
       400  0.0121879
       500  0.0161347
       600  0.0196144
       700  0.0226558
       800  0.0252876
       900  0.0275387
      1000  0.0294378
      1100  0.0310139
      1200  0.0322956
      1300  0.0333118
      1400  0.0340912
      1500  0.0346628
      1600  0.0350552
      1700  0.0352974
      1800   0.035418
      1900  0.0354459
      2000  0.0354099
      2100  0.0353389
      2200  0.0352615
      2300  0.0352066
      2400   0.035203
      2500  0.0352796
      2600  0.0354651
      2700  0.0357882
      2800   0.036278
      2900   0.036963
      3000  0.0378721
