       300 -0.0839772
       400 -0.0952542
       500  -0.105153
       600  -0.113757
       700  -0.121151
       800  -0.127418
       900  -0.132641
      1000  -0.136905
      1100  -0.140294
      1200   -0.14289
      1300  -0.144777
      1400   -0.14604
      1500  -0.146762
      1600  -0.147027
      1700  -0.146919
      1800   -0.14652
      1900  -0.145916
      2000  -0.145189
      2100  -0.144423
      2200  -0.143703
      2300  -0.143112
      2400  -0.142733
      2500   -0.14265
      2600  -0.142947
      2700  -0.143708
      2800  -0.145016
      2900  -0.146956
      3000   -0.14961
