       300  0.0246524
       400  0.0265542
       500  0.0282126
       600  0.0296427
       700  0.0308599
       800  0.0318793
       900   0.032716
      1000  0.0333853
      1100  0.0339024
      1200  0.0342824
      1300  0.0345406
      1400  0.0346921
      1500  0.0347521
      1600  0.0347359
      1700  0.0346587
      1800  0.0345356
      1900  0.0343818
      2000  0.0342125
      2100  0.0340429
      2200  0.0338882
      2300  0.0337637
      2400  0.0336844
      2500  0.0336656
      2600  0.0337226
      2700  0.0338704
      2800  0.0341243
      2900  0.0344994
      3000   0.035011
