       300  0.0117515
       400  0.0126422
       500  0.0134187
       600  0.0140882
       700  0.0146578
       800  0.0151347
       900  0.0155259
      1000  0.0158386
      1100  0.0160799
      1200   0.016257
      1300   0.016377
      1400  0.0164471
      1500  0.0164743
      1600  0.0164658
      1700  0.0164287
      1800  0.0163702
      1900  0.0162975
      2000  0.0162175
      2100  0.0161375
      2200  0.0160647
      2300   0.016006
      2400  0.0159687
      2500    0.01596
      2600  0.0159868
      2700  0.0160565
      2800   0.016176
      2900  0.0163526
      3000  0.0165933
