       300  0.0813871
       400  0.0844984
       500    0.08719
       600  0.0894888
       700  0.0914219
       800  0.0930164
       900  0.0942993
      1000  0.0952978
      1100  0.0960388
      1200  0.0965495
      1300   0.096857
      1400  0.0969883
      1500  0.0969705
      1600  0.0968307
      1700  0.0965959
      1800  0.0962933
      1900  0.0959498
      2000  0.0955926
      2100  0.0952487
      2200  0.0949453
      2300  0.0947093
      2400  0.0945679
      2500  0.0945481
      2600   0.094677
      2700  0.0949817
      2800  0.0954893
      2900  0.0962267
      3000  0.0972212
