       300  -0.135377
       400  -0.154636
       500  -0.171553
       600  -0.186269
       700  -0.198926
       800  -0.209666
       900  -0.218631
      1000  -0.225963
      1100  -0.231803
      1200  -0.236294
      1300  -0.239579
      1400  -0.241798
      1500  -0.243093
      1600  -0.243607
      1700  -0.243482
      1800   -0.24286
      1900  -0.241882
      2000  -0.240691
      2100  -0.239428
      2200  -0.238236
      2300  -0.237256
      2400   -0.23663
      2500  -0.236501
      2600   -0.23701
      2700    -0.2383
      2800  -0.240512
      2900  -0.243788
      3000   -0.24827
