       300 -0.0428014
       400 -0.0578687
       500 -0.0712112
       600 -0.0829302
       700  -0.093127
       800  -0.101903
       900   -0.10936
      1000  -0.115598
      1100   -0.12072
      1200  -0.124827
      1300   -0.12802
      1400    -0.1304
      1500  -0.132069
      1600  -0.133128
      1700  -0.133678
      1800  -0.133822
      1900  -0.133659
      2000  -0.133292
      2100  -0.132823
      2200  -0.132351
      2300  -0.131979
      2400  -0.131808
      2500   -0.13194
      2600  -0.132475
      2700  -0.133515
      2800  -0.135162
      2900  -0.137516
      3000   -0.14068
