       300   0.406168
       400   0.413523
       500   0.419847
       600   0.425208
       700   0.429674
       800   0.433312
       900   0.436192
      1000    0.43838
      1100   0.439945
      1200   0.440956
      1300   0.441479
      1400   0.441583
      1500   0.441336
      1600   0.440807
      1700   0.440062
      1800   0.439171
      1900   0.438201
      2000   0.437219
      2100   0.436295
      2200   0.435496
      2300   0.434891
      2400   0.434546
      2500   0.434531
      2600   0.434913
      2700   0.435761
      2800   0.437142
      2900   0.439124
      3000   0.441775
