       300  -0.147743
       400   -0.16599
       500  -0.181991
       600  -0.195885
       700  -0.207807
       800  -0.217896
       900  -0.226286
      1000  -0.233116
      1100  -0.238523
      1200  -0.242643
      1300  -0.245613
      1400   -0.24757
      1500  -0.248652
      1600  -0.248994
      1700  -0.248734
      1800  -0.248009
      1900  -0.246955
      2000   -0.24571
      2100  -0.244411
      2200  -0.243194
      2300  -0.242196
      2400  -0.241555
      2500  -0.241406
      2600  -0.241888
      2700  -0.243136
      2800  -0.245288
      2900  -0.248481
      3000  -0.252852
