       300  0.0288059
       400  0.0300467
       500  0.0311215
       600  0.0320407
       700  0.0328152
       800  0.0334555
       900  0.0339724
      1000  0.0343764
      1100  0.0346783
      1200  0.0348887
      1300  0.0350182
      1400  0.0350776
      1500  0.0350775
      1600  0.0350285
      1700  0.0349413
      1800  0.0348266
      1900   0.034695
      2000  0.0345572
      2100  0.0344239
      2200  0.0343057
      2300  0.0342133
      2400  0.0341573
      2500  0.0341484
      2600  0.0341972
      2700  0.0343145
      2800  0.0345108
      2900  0.0347969
      3000  0.0351834
