       300 1.53764e-05
       400 1.87452e-05
       500 2.17905e-05
       600 2.46014e-05
       700 2.72326e-05
       800 2.97204e-05
       900 3.20908e-05
      1000 3.43626e-05
      1100 3.65502e-05
      1200 3.8665e-05
      1300 4.0716e-05
      1400 4.27105e-05
      1500 4.46545e-05
      1600 4.65532e-05
      1700 4.84108e-05
      1800 5.0231e-05
      1900 5.20169e-05
      2000 5.37715e-05
      2100 5.54969e-05
      2200 5.71955e-05
      2300 5.88691e-05
      2400 6.05193e-05
      2500 6.21477e-05
      2600 6.37557e-05
      2700 6.53445e-05
      2800 6.69152e-05
      2900 6.84688e-05
      3000 7.00062e-05
