       300 1.02818e-05
       400 1.32994e-05
       500 1.60176e-05
       600 1.85032e-05
       700 2.08042e-05
       800 2.29559e-05
       900 2.49846e-05
      1000 2.69103e-05
      1100 2.87487e-05
      1200 3.0512e-05
      1300 3.22104e-05
      1400 3.38519e-05
      1500 3.54434e-05
      1600 3.69904e-05
      1700 3.84977e-05
      1800 3.99695e-05
      1900 4.14092e-05
      2000 4.28198e-05
      2100 4.42041e-05
      2200 4.55642e-05
      2300 4.69023e-05
      2400 4.82201e-05
      2500 4.95194e-05
      2600 5.08014e-05
      2700 5.20676e-05
      2800 5.3319e-05
      2900 5.45568e-05
      3000 5.57819e-05
