       300 1.06878e-05
       400 1.38246e-05
       500 1.66502e-05
       600 1.92338e-05
       700 2.16257e-05
       800 2.38624e-05
       900 2.59712e-05
      1000 2.7973e-05
      1100 2.98839e-05
      1200 3.1717e-05
      1300 3.34824e-05
      1400 3.51888e-05
      1500 3.68431e-05
      1600 3.84512e-05
      1700 4.0018e-05
      1800 4.15479e-05
      1900 4.30445e-05
      2000 4.45108e-05
      2100 4.59497e-05
      2200 4.73635e-05
      2300 4.87545e-05
      2400 5.01244e-05
      2500 5.14749e-05
      2600 5.28076e-05
      2700 5.41238e-05
      2800 5.54246e-05
      2900 5.67113e-05
      3000 5.79847e-05
