       300 1.00828e-05
       400 1.33563e-05
       500 1.63457e-05
       600 1.91009e-05
       700 2.16631e-05
       800 2.40648e-05
       900 2.63314e-05
      1000 2.84831e-05
      1100 3.0536e-05
      1200 3.25029e-05
      1300 3.43947e-05
      1400 3.62201e-05
      1500 3.79865e-05
      1600 3.97003e-05
      1700 4.13668e-05
      1800 4.29906e-05
      1900 4.45756e-05
      2000 4.61254e-05
      2100 4.76428e-05
      2200 4.91308e-05
      2300 5.05915e-05
      2400 5.20272e-05
      2500 5.34396e-05
      2600 5.48305e-05
      2700 5.62015e-05
      2800 5.75539e-05
      2900 5.88889e-05
      3000 6.02076e-05
