       300 9.2258e-06
       400 1.21138e-05
       500 1.4736e-05
       600 1.71443e-05
       700 1.9379e-05
       800 2.1471e-05
       900 2.34439e-05
      1000 2.53162e-05
      1100 2.71024e-05
      1200 2.88142e-05
      1300 3.04611e-05
      1400 3.20511e-05
      1500 3.35907e-05
      1600 3.50852e-05
      1700 3.65396e-05
      1800 3.79576e-05
      1900 3.93429e-05
      2000 4.06984e-05
      2100 4.20267e-05
      2200 4.33302e-05
      2300 4.46109e-05
      2400 4.58705e-05
      2500 4.71109e-05
      2600 4.83333e-05
      2700 4.95391e-05
      2800 5.07294e-05
      2900 5.19054e-05
      3000 5.3068e-05
