       300 1.07179e-05
       400 1.3501e-05
       500 1.5991e-05
       600 1.82636e-05
       700 2.03688e-05
       800 2.23411e-05
       900 2.42053e-05
      1000 2.59797e-05
      1100 2.76786e-05
      1200 2.93129e-05
      1300 3.08914e-05
      1400 3.24214e-05
      1500 3.39086e-05
      1600 3.53579e-05
      1700 3.67735e-05
      1800 3.81588e-05
      1900 3.95168e-05
      2000 4.08501e-05
      2100 4.21609e-05
      2200 4.34513e-05
      2300 4.47229e-05
      2400 4.59773e-05
      2500 4.72158e-05
      2600 4.84397e-05
      2700 4.96501e-05
      2800 5.08479e-05
      2900 5.20341e-05
      3000 5.32094e-05
