       300 9.98812e-06
       400 1.35801e-05
       500 1.69805e-05
       600 2.01987e-05
       700 2.32511e-05
       800 2.61546e-05
       900 2.89247e-05
      1000 3.1575e-05
      1100 3.41172e-05
      1200 3.65616e-05
      1300 3.8917e-05
      1400 4.1191e-05
      1500 4.33905e-05
      1600 4.55214e-05
      1700 4.75888e-05
      1800 4.95975e-05
      1900 5.15515e-05
      2000 5.34546e-05
      2100 5.53101e-05
      2200 5.7121e-05
      2300  5.889e-05
      2400 6.06195e-05
      2500 6.23119e-05
      2600 6.39691e-05
      2700 6.5593e-05
      2800 6.71855e-05
      2900 6.87479e-05
      3000 7.0282e-05
