       300 1.77883e-05
       400 2.19427e-05
       500 2.56728e-05
       600 2.90947e-05
       700 3.22814e-05
       800 3.52818e-05
       900 3.81304e-05
      1000 4.08529e-05
      1100 4.34686e-05
      1200 4.59927e-05
      1300 4.8437e-05
      1400 5.08115e-05
      1500 5.31241e-05
      1600 5.53815e-05
      1700 5.75893e-05
      1800 5.97524e-05
      1900 6.18748e-05
      2000 6.39602e-05
      2100 6.60116e-05
      2200 6.80319e-05
      2300 7.00234e-05
      2400 7.19882e-05
      2500 7.39284e-05
      2600 7.58456e-05
      2700 7.77413e-05
      2800 7.9617e-05
      2900 8.1474e-05
      3000 8.33133e-05
