       300 1.50805e-05
       400 1.97468e-05
       500 2.3977e-05
       600 2.78583e-05
       700 3.1458e-05
       800 3.48268e-05
       900 3.80035e-05
      1000 4.1018e-05
      1100 4.38942e-05
      1200 4.66509e-05
      1300 4.93036e-05
      1400 5.18649e-05
      1500 5.43455e-05
      1600 5.67542e-05
      1700 5.90986e-05
      1800 6.1385e-05
      1900 6.36191e-05
      2000 6.58057e-05
      2100 6.7949e-05
      2200 7.00527e-05
      2300 7.21201e-05
      2400 7.4154e-05
      2500 7.61572e-05
      2600 7.81319e-05
      2700 8.00802e-05
      2800 8.2004e-05
      2900 8.3905e-05
      3000 8.57847e-05
