       300 8.29185e-06
       400 1.12726e-05
       500  1.418e-05
       600 1.70009e-05
       700 1.97313e-05
       800 2.23715e-05
       900 2.49238e-05
      1000 2.73913e-05
      1100 2.97777e-05
      1200 3.20866e-05
      1300 3.43219e-05
      1400 3.64868e-05
      1500 3.85849e-05
      1600 4.06194e-05
      1700 4.25932e-05
      1800 4.45091e-05
      1900 4.63698e-05
      2000 4.81778e-05
      2100 4.99354e-05
      2200 5.16449e-05
      2300 5.33081e-05
      2400 5.49272e-05
      2500 5.65038e-05
      2600 5.80397e-05
      2700 5.95365e-05
      2800 6.09957e-05
      2900 6.24188e-05
      3000 6.3807e-05
