       300 1.28684e-05
       400 1.74915e-05
       500 2.20042e-05
       600 2.63852e-05
       700 3.06278e-05
       800 3.47318e-05
       900 3.87005e-05
      1000 4.25385e-05
      1100 4.62511e-05
      1200 4.98439e-05
      1300 5.33223e-05
      1400 5.66919e-05
      1500 5.99576e-05
      1600 6.31243e-05
      1700 6.61966e-05
      1800 6.91789e-05
      1900 7.20753e-05
      2000 7.48895e-05
      2100 7.76251e-05
      2200 8.02855e-05
      2300 8.28738e-05
      2400 8.53932e-05
      2500 8.78462e-05
      2600 9.02357e-05
      2700 9.2564e-05
      2800 9.48336e-05
      2900 9.70467e-05
      3000 9.92052e-05
