       300 2.13143e-05
       400 2.64037e-05
       500 3.09665e-05
       600 3.51461e-05
       700 3.90327e-05
       800 4.26875e-05
       900 4.61538e-05
      1000 4.94635e-05
      1100 5.2641e-05
      1200 5.57051e-05
      1300 5.86709e-05
      1400 6.15506e-05
      1500 6.43543e-05
      1600 6.70903e-05
      1700 6.97656e-05
      1800 7.23862e-05
      1900 7.49574e-05
      2000 7.74834e-05
      2100 7.99683e-05
      2200 8.24154e-05
      2300 8.48277e-05
      2400 8.72079e-05
      2500 8.95584e-05
      2600 9.18813e-05
      2700 9.41785e-05
      2800 9.64518e-05
      2900 9.87026e-05
      3000 0.000100933
