       300 4.03295e-05
       400 5.09385e-05
       500 6.04315e-05
       600 6.90938e-05
       700 7.71149e-05
       800 8.46262e-05
       900 9.17226e-05
      1000 9.84748e-05
      1100 0.000104937
      1200 0.000111151
      1300 0.000117152
      1400 0.000122966
      1500 0.000128616
      1600 0.00013412
      1700 0.000139496
      1800 0.000144755
      1900 0.00014991
      2000 0.00015497
      2100 0.000159945
      2200 0.000164841
      2300 0.000169665
      2400 0.000174424
      2500 0.000179122
      2600 0.000183765
      2700 0.000188355
      2800 0.000192898
      2900 0.000197397
      3000 0.000201854
