       300 8.14142e-06
       400 1.10681e-05
       500 1.39228e-05
       600 1.66925e-05
       700 1.93734e-05
       800 2.19656e-05
       900 2.44716e-05
      1000 2.68943e-05
      1100 2.92374e-05
      1200 3.15045e-05
      1300 3.36992e-05
      1400 3.58249e-05
      1500 3.78849e-05
      1600 3.98825e-05
      1700 4.18204e-05
      1800 4.37016e-05
      1900 4.55286e-05
      2000 4.73038e-05
      2100 4.90295e-05
      2200 5.07079e-05
      2300 5.2341e-05
      2400 5.39306e-05
      2500 5.54787e-05
      2600 5.69867e-05
      2700 5.84564e-05
      2800 5.98891e-05
      2900 6.12863e-05
      3000 6.26494e-05
