       300 1.47439e-05
       400  1.923e-05
       500 2.32878e-05
       600 2.70065e-05
       700 3.0453e-05
       800 3.36773e-05
       900 3.67173e-05
      1000 3.96023e-05
      1100 4.23552e-05
      1200 4.49944e-05
      1300 4.75345e-05
      1400 4.9988e-05
      1500 5.23648e-05
      1600 5.46735e-05
      1700 5.69213e-05
      1800 5.91143e-05
      1900 6.12579e-05
      2000 6.33566e-05
      2100 6.54145e-05
      2200 6.7435e-05
      2300 6.94214e-05
      2400 7.13763e-05
      2500 7.33023e-05
      2600 7.52015e-05
      2700 7.70759e-05
      2800 7.89273e-05
      2900 8.07574e-05
      3000 8.25675e-05
