       300 9.23877e-06
       400 1.25818e-05
       500 1.57923e-05
       600 1.88669e-05
       700 2.18112e-05
       800 2.46333e-05
       900 2.73422e-05
      1000 2.99463e-05
      1100 3.24534e-05
      1200 3.48706e-05
      1300 3.72044e-05
      1400 3.94606e-05
      1500 4.16443e-05
      1600 4.37603e-05
      1700 4.58128e-05
      1800 4.78057e-05
      1900 4.97426e-05
      2000 5.16265e-05
      2100 5.34605e-05
      2200 5.52471e-05
      2300 5.69889e-05
      2400 5.86881e-05
      2500 6.03467e-05
      2600 6.19669e-05
      2700 6.35502e-05
      2800 6.50984e-05
      2900 6.66131e-05
      3000 6.80956e-05
