       300  1.949e-05
       400 2.42468e-05
       500 2.85069e-05
       600 3.24043e-05
       700 3.6024e-05
       800 3.9424e-05
       900 4.26455e-05
      1000 4.57187e-05
      1100 4.8667e-05
      1200 5.15082e-05
      1300 5.42568e-05
      1400 5.69244e-05
      1500 5.95206e-05
      1600 6.20532e-05
      1700 6.45291e-05
      1800 6.69539e-05
      1900 6.93325e-05
      2000 7.16691e-05
      2100 7.39674e-05
      2200 7.62307e-05
      2300 7.84617e-05
      2400 8.06631e-05
      2500 8.2837e-05
      2600 8.49855e-05
      2700 8.71103e-05
      2800 8.92132e-05
      2900 9.12956e-05
      3000 9.33588e-05
