       300 1.66046e-05
       400 2.02425e-05
       500 2.35312e-05
       600 2.65666e-05
       700 2.94079e-05
       800 3.20945e-05
       900 3.46542e-05
      1000 3.71075e-05
      1100 3.94699e-05
      1200 4.17536e-05
      1300 4.39684e-05
      1400 4.61222e-05
      1500 4.82215e-05
      1600 5.02719e-05
      1700 5.22778e-05
      1800 5.42434e-05
      1900 5.61721e-05
      2000 5.80667e-05
      2100 5.99301e-05
      2200 6.17643e-05
      2300 6.35716e-05
      2400 6.53536e-05
      2500 6.71121e-05
      2600 6.88486e-05
      2700 7.05642e-05
      2800 7.22604e-05
      2900 7.39381e-05
      3000 7.55983e-05
