       300 1.49121e-05
       400 1.94494e-05
       500 2.35536e-05
       600 2.73147e-05
       700 3.08005e-05
       800 3.40616e-05
       900 3.71363e-05
      1000 4.00543e-05
      1100 4.28386e-05
      1200 4.55078e-05
      1300 4.8077e-05
      1400 5.05584e-05
      1500 5.29624e-05
      1600 5.52974e-05
      1700 5.75709e-05
      1800 5.97889e-05
      1900 6.19569e-05
      2000 6.40796e-05
      2100 6.6161e-05
      2200 6.82046e-05
      2300 7.02136e-05
      2400 7.21909e-05
      2500 7.41388e-05
      2600 7.60597e-05
      2700 7.79555e-05
      2800 7.9828e-05
      2900 8.1679e-05
      3000 8.35098e-05
