       300 2.6825e-05
       400 3.28229e-05
       500 3.82308e-05
       600 4.32113e-05
       700 4.78649e-05
       800 5.22587e-05
       900 5.64401e-05
      1000 6.04438e-05
      1100 6.42965e-05
      1200 6.80188e-05
      1300 7.16272e-05
      1400 7.51351e-05
      1500 7.85536e-05
      1600 8.18918e-05
      1700 8.51577e-05
      1800 8.83579e-05
      1900 9.14982e-05
      2000 9.45835e-05
      2100 9.76181e-05
      2200 0.000100606
      2300 0.000103551
      2400 0.000106455
      2500 0.000109322
      2600 0.000112153
      2700 0.000114952
      2800 0.00011772
      2900 0.000120458
      3000 0.000123169
