       300 1.80224e-05
       400 2.19709e-05
       500 2.55403e-05
       600 2.88349e-05
       700 3.19188e-05
       800 3.48348e-05
       900 3.7613e-05
      1000 4.02758e-05
      1100 4.28399e-05
      1200 4.53186e-05
      1300 4.77225e-05
      1400 5.00602e-05
      1500 5.23388e-05
      1600 5.45641e-05
      1700 5.67414e-05
      1800 5.88748e-05
      1900 6.09681e-05
      2000 6.30246e-05
      2100 6.5047e-05
      2200 6.70378e-05
      2300 6.89994e-05
      2400 7.09336e-05
      2500 7.28423e-05
      2600 7.47269e-05
      2700 7.65891e-05
      2800 7.84301e-05
      2900 8.0251e-05
      3000 8.2053e-05
