       300 2.0673e-05
       400 2.56093e-05
       500 3.00349e-05
       600 3.40887e-05
       700 3.78584e-05
       800 4.14032e-05
       900 4.47652e-05
      1000 4.79754e-05
      1100 5.10572e-05
      1200 5.40292e-05
      1300 5.69057e-05
      1400 5.96988e-05
      1500 6.24181e-05
      1600 6.50718e-05
      1700 6.76666e-05
      1800 7.02084e-05
      1900 7.27022e-05
      2000 7.51523e-05
      2100 7.75624e-05
      2200 7.99358e-05
      2300 8.22756e-05
      2400 8.45842e-05
      2500 8.6864e-05
      2600 8.9117e-05
      2700 9.13451e-05
      2800 9.35499e-05
      2900 9.57331e-05
      3000 9.78959e-05
