       300 2.56636e-05
       400 3.14018e-05
       500 3.65756e-05
       600 4.13405e-05
       700 4.57926e-05
       800 4.99962e-05
       900 5.39965e-05
      1000 5.78269e-05
      1100 6.15128e-05
      1200 6.50739e-05
      1300 6.85261e-05
      1400 7.18821e-05
      1500 7.51526e-05
      1600 7.83463e-05
      1700 8.14708e-05
      1800 8.45325e-05
      1900 8.75367e-05
      2000 9.04884e-05
      2100 9.33917e-05
      2200 9.62503e-05
      2300 9.90674e-05
      2400 0.000101846
      2500 0.000104589
      2600 0.000107298
      2700 0.000109975
      2800 0.000112623
      2900 0.000115243
      3000 0.000117837
