       300   0.018079
       400  0.0226962
       500  0.0268273
       600  0.0305994
       700  0.0340956
       800   0.037373
       900  0.0404726
      1000  0.0434246
      1100  0.0462524
      1200   0.048974
      1300  0.0516039
      1400  0.0541537
      1500  0.0566332
      1600  0.0590501
      1700  0.0614114
      1800  0.0637227
      1900   0.065989
      2000  0.0682144
      2100  0.0704026
      2200   0.072557
      2300  0.0746803
      2400   0.076775
      2500  0.0788434
      2600  0.0808876
      2700  0.0829092
      2800    0.08491
      2900  0.0868913
      3000  0.0888546
