       300  0.0224125
       400  0.0344856
       500  0.0471165
       600  0.0599484
       700  0.0727743
       800  0.0854696
       900  0.0979588
      1000   0.110196
      1100   0.122155
      1200   0.133822
      1300   0.145189
      1400   0.156257
      1500   0.167028
      1600   0.177507
      1700   0.187701
      1800   0.197617
      1900   0.207265
      2000   0.216652
      2100   0.225787
      2200   0.234679
      2300   0.243336
      2400   0.251766
      2500   0.259979
      2600    0.26798
      2700   0.275779
      2800   0.283381
      2900   0.290795
      3000   0.298027
