       300  0.0206143
       400  0.0341093
       500  0.0488957
       600  0.0643704
       700  0.0801494
       800  0.0959835
       900   0.111709
      1000   0.127217
      1100   0.142436
      1200   0.157322
      1300   0.171845
      1400   0.185989
      1500   0.199748
      1600   0.213118
      1700   0.226103
      1800   0.238708
      1900   0.250941
      2000    0.26281
      2100   0.274327
      2200   0.285501
      2300   0.296343
      2400   0.306864
      2500   0.317075
      2600   0.326986
      2700   0.336608
      2800   0.345951
      2900   0.355025
      3000   0.363839
