       300  0.0213394
       400  0.0344253
       500  0.0487047
       600  0.0636576
       700  0.0789416
       800  0.0943256
       900   0.109651
      1000   0.124809
      1100   0.139723
      1200   0.154342
      1300   0.168629
      1400   0.182562
      1500   0.196126
      1600   0.209316
      1700   0.222127
      1800    0.23456
      1900    0.24662
      2000   0.258312
      2100   0.269643
      2200    0.28062
      2300   0.291253
      2400    0.30155
      2500   0.311521
      2600   0.321175
      2700   0.330522
      2800   0.339571
      2900   0.348331
      3000   0.356812
