       300  0.0179226
       400  0.0299076
       500  0.0429505
       600     0.0565
       700  0.0702256
       800  0.0839256
       900  0.0974762
      1000   0.110802
      1100   0.123857
      1200   0.136616
      1300   0.149067
      1400   0.161206
      1500   0.173034
      1600   0.184556
      1700    0.19578
      1800   0.206715
      1900    0.21737
      2000   0.227756
      2100   0.237883
      2200   0.247761
      2300     0.2574
      2400   0.266811
      2500   0.276002
      2600   0.284983
      2700   0.293762
      2800   0.302347
      2900   0.310748
      3000    0.31897
