       300  0.0666778
       400  0.0801623
       500  0.0942224
       600   0.108605
       700    0.12318
       800   0.137868
       900   0.152612
      1000   0.167372
      1100   0.182116
      1200   0.196818
      1300   0.211459
      1400   0.226021
      1500   0.240491
      1600   0.254856
      1700   0.269108
      1800   0.283239
      1900    0.29724
      2000   0.311107
      2100   0.324835
      2200    0.33842
      2300   0.351858
      2400   0.365147
      2500   0.378285
      2600    0.39127
      2700   0.404101
      2800   0.416777
      2900   0.429297
      3000    0.44166
