       300  0.0340812
       400  0.0442576
       500  0.0545656
       600   0.064912
       700  0.0752345
       800  0.0854891
       900   0.095644
      1000   0.105676
      1100   0.115567
      1200   0.125305
      1300    0.13488
      1400   0.144285
      1500   0.153516
      1600    0.16257
      1700   0.171445
      1800    0.18014
      1900   0.188655
      2000   0.196991
      2100   0.205149
      2200   0.213131
      2300   0.220938
      2400   0.228573
      2500   0.236038
      2600   0.243336
      2700   0.250469
      2800   0.257441
      2900   0.264254
      3000   0.270911
