       300   0.016315
       400  0.0253538
       500  0.0349115
       600  0.0446989
       700  0.0545405
       800  0.0643269
       900   0.073988
      1000  0.0834792
      1100  0.0927725
      1200   0.101851
      1300   0.110704
      1400   0.119328
      1500   0.127721
      1600   0.135886
      1700   0.143826
      1800   0.151544
      1900   0.159046
      2000   0.166338
      2100   0.173425
      2200   0.180315
      2300   0.187012
      2400   0.193524
      2500   0.199856
      2600   0.206014
      2700   0.212004
      2800   0.217832
      2900   0.223504
      3000   0.229023
