       300  0.0176567
       400  0.0289193
       500  0.0417063
       600   0.055557
       700  0.0701201
       800  0.0851265
       900   0.100369
      1000   0.115685
      1100   0.130951
      1200   0.146071
      1300   0.160967
      1400   0.175584
      1500   0.189877
      1600   0.203813
      1700   0.217368
      1800   0.230525
      1900   0.243272
      2000   0.255602
      2100   0.267512
      2200   0.279002
      2300   0.290074
      2400   0.300731
      2500   0.310981
      2600   0.320828
      2700   0.330282
      2800    0.33935
      2900   0.348042
      3000   0.356366
