       300  0.0254381
       400   0.031819
       500  0.0380897
       600  0.0442346
       700  0.0502463
       800  0.0561218
       900  0.0618603
      1000  0.0674624
      1100  0.0729298
      1200  0.0782645
      1300  0.0834692
      1400  0.0885466
      1500  0.0934998
      1600  0.0983318
      1700   0.103046
      1800   0.107644
      1900   0.112131
      2000   0.116509
      2100   0.120781
      2200    0.12495
      2300   0.129018
      2400   0.132989
      2500   0.136865
      2600   0.140648
      2700   0.144342
      2800   0.147949
      2900    0.15147
      3000   0.154908
