       300  0.0174274
       400  0.0254419
       500  0.0333502
       600  0.0410342
       700  0.0484523
       800  0.0555958
       900   0.062471
      1000  0.0690904
      1100  0.0754692
      1200  0.0816229
      1300  0.0875668
      1400  0.0933153
      1500  0.0988817
      1600   0.104279
      1700   0.109517
      1800   0.114607
      1900   0.119559
      2000   0.124381
      2100   0.129081
      2200   0.133667
      2300   0.138144
      2400   0.142519
      2500   0.146798
      2600   0.150986
      2700   0.155087
      2800   0.159107
      2900   0.163048
      3000   0.166915
