       300   0.190294
       400   0.226966
       500   0.262489
       600   0.297202
       700   0.331318
       800   0.364973
       900   0.398264
      1000   0.431262
      1100   0.464019
      1200   0.496576
      1300   0.528966
      1400   0.561212
      1500   0.593337
      1600   0.625358
      1700   0.657289
      1800   0.689142
      1900   0.720927
      2000   0.752654
      2100   0.784329
      2200    0.81596
      2300   0.847552
      2400    0.87911
      2500   0.910639
      2600   0.942142
      2700   0.973623
      2800    1.00509
      2900    1.03653
      3000    1.06796
