       300  0.0334867
       400  0.0460232
       500  0.0596244
       600  0.0740387
       700  0.0890725
       800   0.104571
       900   0.120407
      1000   0.136475
      1100   0.152688
      1200   0.168971
      1300   0.185261
      1400   0.201507
      1500   0.217662
      1600   0.233689
      1700   0.249556
      1800   0.265235
      1900   0.280704
      2000   0.295943
      2100   0.310937
      2200   0.325671
      2300   0.340136
      2400   0.354322
      2500   0.368222
      2600    0.38183
      2700   0.395144
      2800    0.40816
      2900   0.420876
      3000   0.433291
