       300  0.0212879
       400  0.0314534
       500   0.041564
       600  0.0514348
       700  0.0609914
       800  0.0702091
       900  0.0790868
      1000  0.0876351
      1100  0.0958694
      1200   0.103807
      1300   0.111467
      1400   0.118865
      1500    0.12602
      1600   0.132945
      1700   0.139657
      1800   0.146167
      1900   0.152489
      2000   0.158634
      2100   0.164612
      2200   0.170433
      2300   0.176106
      2400   0.181639
      2500   0.187038
      2600   0.192313
      2700   0.197468
      2800    0.20251
      2900   0.207444
      3000   0.212276
