       300  0.0142711
       400  0.0207715
       500  0.0276742
       600   0.034818
       700  0.0420877
       800  0.0493991
       900  0.0566898
      1000  0.0639129
      1100  0.0710331
      1200  0.0780243
      1300  0.0848665
      1400  0.0915454
      1500  0.0980506
      1600   0.104375
      1700   0.110513
      1800   0.116464
      1900   0.122224
      2000   0.127796
      2100   0.133179
      2200   0.138376
      2300   0.143389
      2400   0.148221
      2500   0.152876
      2600   0.157358
      2700    0.16167
      2800   0.165817
      2900   0.169802
      3000    0.17363
