       300  0.0283066
       400  0.0371857
       500  0.0464698
       600  0.0560285
       700  0.0657697
       800  0.0756243
       900  0.0855385
      1000  0.0954696
      1100   0.105383
      1200   0.115251
      1300   0.125052
      1400   0.134765
      1500   0.144376
      1600   0.153873
      1700   0.163245
      1800   0.172483
      1900   0.181582
      2000   0.190535
      2100   0.199339
      2200    0.20799
      2300   0.216485
      2400   0.224824
      2500   0.233004
      2600   0.241026
      2700   0.248889
      2800   0.256593
      2900   0.264139
      3000   0.271528
