       300  0.0210425
       400  0.0300682
       500  0.0391111
       600  0.0480384
       700  0.0567825
       800  0.0653085
       900  0.0735998
      1000  0.0816501
      1100  0.0894595
      1200  0.0970314
      1300   0.104372
      1400   0.111487
      1500   0.118386
      1600   0.125075
      1700   0.131563
      1800   0.137858
      1900   0.143967
      2000   0.149898
      2100   0.155658
      2200   0.161253
      2300   0.166691
      2400   0.171978
      2500   0.177118
      2600   0.182119
      2700   0.186985
      2800   0.191722
      2900   0.196334
      3000   0.200826
