       300  0.0369623
       400  0.0450604
       500   0.052381
       600  0.0591379
       700  0.0654628
       800  0.0714432
       900  0.0771411
      1000  0.0826021
      1100  0.0878609
      1200  0.0929446
      1300  0.0978748
      1400   0.102669
      1500   0.107342
      1600   0.111906
      1700   0.116372
      1800   0.120747
      1900    0.12504
      2000   0.129258
      2100   0.133406
      2200   0.137489
      2300   0.141512
      2400   0.145479
      2500   0.149393
      2600   0.153259
      2700   0.157078
      2800   0.160853
      2900   0.164588
      3000   0.168284
