       300  0.0176626
       400  0.0255395
       500  0.0332557
       600  0.0407205
       700  0.0479095
       800  0.0548248
       900  0.0614792
      1000  0.0678896
      1100  0.0740737
      1200  0.0800485
      1300  0.0858302
      1400  0.0914336
      1500   0.096872
      1600   0.102158
      1700   0.107302
      1800   0.112314
      1900   0.117203
      2000   0.121978
      2100   0.126646
      2200   0.131213
      2300   0.135686
      2400    0.14007
      2500   0.144371
      2600   0.148593
      2700    0.15274
      2800   0.156817
      2900   0.160827
      3000   0.164774
