       300  0.0187115
       400  0.0269141
       500  0.0348968
       600  0.0425736
       700   0.049926
       800  0.0569615
       900   0.063698
      1000  0.0701564
      1100   0.076358
      1200  0.0823231
      1300  0.0880706
      1400  0.0936173
      1500  0.0989789
      1600   0.104169
      1700   0.109201
      1800   0.114085
      1900   0.118832
      2000   0.123451
      2100   0.127951
      2200   0.132339
      2300   0.136621
      2400   0.140805
      2500   0.144896
      2600   0.148899
      2700    0.15282
      2800   0.156662
      2900    0.16043
      3000   0.164127
