       300  0.0285069
       400  0.0376471
       500   0.046725
       600  0.0556857
       700  0.0644963
       800  0.0731365
       900  0.0815939
      1000  0.0898618
      1100  0.0979367
      1200   0.105818
      1300   0.113506
      1400   0.121003
      1500   0.128312
      1600   0.135436
      1700   0.142379
      1800   0.149146
      1900   0.155739
      2000   0.162164
      2100   0.168425
      2200   0.174527
      2300   0.180473
      2400   0.186267
      2500   0.191914
      2600   0.197419
      2700   0.202784
      2800   0.208014
      2900   0.213112
      3000   0.218082
