       300  0.0259831
       400  0.0325839
       500  0.0389965
       600  0.0452283
       700  0.0512866
       800  0.0571784
       900  0.0629104
      1000  0.0684889
      1100  0.0739199
      1200  0.0792091
      1300  0.0843618
      1400  0.0893833
      1500  0.0942783
      1600  0.0990515
      1700   0.103707
      1800   0.108249
      1900   0.112682
      2000   0.117009
      2100   0.121234
      2200    0.12536
      2300    0.12939
      2400   0.133327
      2500   0.137175
      2600   0.140936
      2700   0.144613
      2800   0.148208
      2900   0.151723
      3000   0.155162
