       300  0.0263701
       400  0.0341498
       500  0.0414422
       600  0.0483497
       700  0.0549448
       800  0.0612804
       900  0.0673965
      1000  0.0733239
      1100  0.0790872
      1200  0.0847062
      1300  0.0901972
      1400  0.0955738
      1500   0.100847
      1600   0.106027
      1700   0.111123
      1800    0.11614
      1900   0.121086
      2000   0.125966
      2100   0.130786
      2200   0.135549
      2300   0.140259
      2400    0.14492
      2500   0.149536
      2600   0.154108
      2700    0.15864
      2800   0.163134
      2900   0.167593
      3000   0.172017
